-150.0 15.9213324074
-149.0 15.9141413545
-148.0 15.9068541068
-147.0 15.8994687278
-146.0 15.8919832288
-145.0 15.8843955674
-144.0 15.8767036454
-143.0 15.8689053068
-142.0 15.8609983362
-141.0 15.8529804564
-140.0 15.8448493264
-139.0 15.8366025389
-138.0 15.8282376186
-137.0 15.8197520188
-136.0 15.8111431199
-135.0 15.8024082258
-134.0 15.7935445618
-133.0 15.7845492715
-132.0 15.7754194136
-131.0 15.766151959
-130.0 15.7567437874
-129.0 15.7471916838
-128.0 15.7374923351
-127.0 15.7276423262
-126.0 15.7176381359
-125.0 15.7074761332
-124.0 15.6971525724
-123.0 15.6866635893
-122.0 15.676005196
-121.0 15.6651732758
-120.0 15.6541635785
-119.0 15.6429717148
-118.0 15.6315931501
-117.0 15.6200231993
-116.0 15.6082570198
-115.0 15.5962896054
-114.0 15.5841157792
-113.0 15.5717301859
-112.0 15.5591272848
-111.0 15.5463013414
-110.0 15.5332464187
-109.0 15.5199563688
-108.0 15.5064248228
-107.0 15.4926451815
-106.0 15.4786106046
-105.0 15.4643139998
-104.0 15.4497480111
-103.0 15.4349050066
-102.0 15.4197770655
-101.0 15.4043559643
-100.0 15.3886331626
-99.0 15.3725997874
-98.0 15.3562466175
-97.0 15.3395640655
-96.0 15.3225421605
-95.0 15.3051705283
-94.0 15.2874383714
-93.0 15.2693344469
-92.0 15.2508470441
-91.0 15.2319639596
-90.0 15.2126724718
-89.0 15.1929593131
-88.0 15.1728106405
-87.0 15.1522120051
-86.0 15.1311483179
-85.0 15.1096038153
-84.0 15.0875620206
-83.0 15.0650057046
-82.0 15.0419168416
-81.0 15.0182765643
-80.0 14.9940651145
-79.0 14.9692617902
-78.0 14.9438448897
-77.0 14.9177916513
-76.0 14.8910781887
-75.0 14.8636794216
-74.0 14.8355690013
-73.0 14.806719231
-72.0 14.7771009795
-71.0 14.7466835887
-70.0 14.7154347743
-69.0 14.6833205181
-68.0 14.650304952
-67.0 14.6163502335
-66.0 14.5814164099
-65.0 14.5454612726
-64.0 14.5084401988
-63.0 14.4703059798
-62.0 14.4310086357
-61.0 14.3904952133
-60.0 14.3487095672
-59.0 14.3055921215
-58.0 14.2610796108
-57.0 14.2151047976
-56.0 14.1675961645
-55.0 14.1184775783
-54.0 14.0676679228
-53.0 14.0150806976
-52.0 13.9606235786
-51.0 13.9041979369
-50.0 13.8456983114
-49.0 13.7850118289
-48.0 13.7220175687
-47.0 13.6565858621
-46.0 13.5885775232
-45.0 13.5178430001
-44.0 13.444221441
-43.0 13.3675396624
-42.0 13.2876110113
-41.0 13.2042341082
-40.0 13.1171914585
-39.0 13.0262479174
-38.0 12.9311489932
-37.0 12.8316189715
-36.0 12.7273588431
-35.0 12.6180440141
-34.0 12.5033217798
-33.0 12.3828085415
-32.0 12.2560867437
-31.0 12.122701516
-30.0 11.9821569999
-29.0 11.8339123527
-28.0 11.6773774237
-27.0 11.5119081146
-26.0 11.3368014526
-25.0 11.1512904328
-24.0 10.9545387274
-23.0 10.7456354075
-22.0 10.5235899043
-21.0 10.2873275282
-20.0 10.0356860002
-19.0 9.76741361924
-18.0 9.48116990479
-17.0 9.17552982639
-16.0 8.84899305024
-15.0 8.5
-14.0 8.12695690906
-13.0 7.728272386
-12.0 7.30240822577
-11.0 6.84794712818
-10.0 6.36367942157
-9.0 5.84870956717
-8.0 5.30258086566
-7.0 4.72541321253
-6.0 4.11804401409
-5.0 3.48215699989
-4.0 2.82037880031
-3.0 2.13632057843
-2.0 1.4345437474
-1.0 0.720436357588
0.0 -0.0
1.0 -0.720436357588
2.0 -1.4345437474
3.0 -2.13632057843
4.0 -2.82037880031
5.0 -3.48215699989
6.0 -4.11804401409
7.0 -4.72541321253
8.0 -5.30258086566
9.0 -5.84870956717
10.0 -6.36367942157
11.0 -6.84794712818
12.0 -7.30240822577
13.0 -7.728272386
14.0 -8.12695690906
15.0 -8.5
16.0 -8.84899305024
17.0 -9.17552982639
18.0 -9.48116990479
19.0 -9.76741361924
20.0 -10.0356860002
21.0 -10.2873275282
22.0 -10.5235899043
23.0 -10.7456354075
24.0 -10.9545387274
25.0 -11.1512904328
26.0 -11.3368014526
27.0 -11.5119081146
28.0 -11.6773774237
29.0 -11.8339123527
30.0 -11.9821569999
31.0 -12.122701516
32.0 -12.2560867437
33.0 -12.3828085415
34.0 -12.5033217798
35.0 -12.6180440141
36.0 -12.7273588431
37.0 -12.8316189715
38.0 -12.9311489932
39.0 -13.0262479174
40.0 -13.1171914585
41.0 -13.2042341082
42.0 -13.2876110113
43.0 -13.3675396624
44.0 -13.444221441
45.0 -13.5178430001
46.0 -13.5885775232
47.0 -13.6565858621
48.0 -13.7220175687
49.0 -13.7850118289
50.0 -13.8456983114
51.0 -13.9041979369
52.0 -13.9606235786
53.0 -14.0150806976
54.0 -14.0676679228
55.0 -14.1184775783
56.0 -14.1675961645
57.0 -14.2151047976
58.0 -14.2610796108
59.0 -14.3055921215
60.0 -14.3487095672
61.0 -14.3904952133
62.0 -14.4310086357
63.0 -14.4703059798
64.0 -14.5084401988
65.0 -14.5454612726
66.0 -14.5814164099
67.0 -14.6163502335
68.0 -14.650304952
69.0 -14.6833205181
70.0 -14.7154347743
71.0 -14.7466835887
72.0 -14.7771009795
73.0 -14.806719231
74.0 -14.8355690013
75.0 -14.8636794216
76.0 -14.8910781887
77.0 -14.9177916513
78.0 -14.9438448897
79.0 -14.9692617902
80.0 -14.9940651145
81.0 -15.0182765643
82.0 -15.0419168416
83.0 -15.0650057046
84.0 -15.0875620206
85.0 -15.1096038153
86.0 -15.1311483179
87.0 -15.1522120051
88.0 -15.1728106405
89.0 -15.1929593131
90.0 -15.2126724718
91.0 -15.2319639596
92.0 -15.2508470441
93.0 -15.2693344469
94.0 -15.2874383714
95.0 -15.3051705283
96.0 -15.3225421605
97.0 -15.3395640655
98.0 -15.3562466175
99.0 -15.3725997874
100.0 -15.3886331626
101.0 -15.4043559643
102.0 -15.4197770655
103.0 -15.4349050066
104.0 -15.4497480111
105.0 -15.4643139998
106.0 -15.4786106046
107.0 -15.4926451815
108.0 -15.5064248228
109.0 -15.5199563688
110.0 -15.5332464187
111.0 -15.5463013414
112.0 -15.5591272848
113.0 -15.5717301859
114.0 -15.5841157792
115.0 -15.5962896054
116.0 -15.6082570198
117.0 -15.6200231993
118.0 -15.6315931501
119.0 -15.6429717148
120.0 -15.6541635785
121.0 -15.6651732758
122.0 -15.676005196
123.0 -15.6866635893
124.0 -15.6971525724
125.0 -15.7074761332
126.0 -15.7176381359
127.0 -15.7276423262
128.0 -15.7374923351
129.0 -15.7471916838
130.0 -15.7567437874
131.0 -15.766151959
132.0 -15.7754194136
133.0 -15.7845492715
134.0 -15.7935445618
135.0 -15.8024082258
136.0 -15.8111431199
137.0 -15.8197520188
138.0 -15.8282376186
139.0 -15.8366025389
140.0 -15.8448493264
141.0 -15.8529804564
142.0 -15.8609983362
143.0 -15.8689053068
144.0 -15.8767036454
145.0 -15.8843955674
146.0 -15.8919832288
147.0 -15.8994687278
148.0 -15.9068541068
149.0 -15.9141413545
150.0 -15.9213324074
