   10.000000000000000        1.0000000000000000        19.532304579819410     
   10.000000000000000        2.0000000000000000        19.795873692342418     
   10.000000000000000        3.0000000000000000        20.232008598688790     
   10.000000000000000        4.0000000000000000        20.720186548772233     
   10.000000000000000        5.0000000000000000        21.217820351279080     
   10.000000000000000        6.0000000000000000        21.709382421021608     
   10.000000000000000        7.0000000000000000        22.189171348806106     
   10.000000000000000        8.0000000000000000        22.655183165423164     
   10.000000000000000        9.0000000000000000        23.106890580358623     
   10.000000000000000        10.000000000000000        23.544391830637551     
   10.000000000000000        11.000000000000000        23.968061210786203     
   10.000000000000000        12.000000000000000        24.378395349335708     
   10.000000000000000        13.000000000000000        24.775940986946004     
   10.000000000000000        14.000000000000000        25.161258879030648     
   10.000000000000000        15.000000000000000        25.534904752042820     
   10.000000000000000        16.000000000000000        25.897418870808430     
   10.000000000000000        17.000000000000000        26.249320274353593     
   10.000000000000000        18.000000000000000        26.591103722579255     
   10.000000000000000        19.000000000000000        26.923238309220899     
   10.000000000000000        20.000000000000000        27.246167138612130     
   10.000000000000000        21.000000000000000        27.560307692380139     
   10.000000000000000        22.000000000000000        27.866052640180747     
   10.000000000000000        23.000000000000000        28.163770926421883     
   10.000000000000000        24.000000000000000        28.453809015846151     
   10.000000000000000        25.000000000000000        28.736492215983791     
   10.000000000000000        26.000000000000000        29.012126019547274     
   10.000000000000000        27.000000000000000        29.280997427997441     
   10.000000000000000        28.000000000000000        29.543376230721982     
   10.000000000000000        29.000000000000000        29.799516223838676     
   10.000000000000000        30.000000000000000        30.049656359501274     
   11.000000000000000        1.0000000000000000        17.576183484575406     
   11.000000000000000        2.0000000000000000        17.753241203760719     
   11.000000000000000        3.0000000000000000        18.153440941282952     
   11.000000000000000        4.0000000000000000        18.629273339943317     
   11.000000000000000        5.0000000000000000        19.126695797006448     
   11.000000000000000        6.0000000000000000        19.624939937711051     
   11.000000000000000        7.0000000000000000        20.115687806034646     
   11.000000000000000        8.0000000000000000        20.595487332037152     
   11.000000000000000        9.0000000000000000        21.062930440021546     
   11.000000000000000        10.000000000000000        21.517537217257949     
   11.000000000000000        11.000000000000000        21.959280087724476     
   11.000000000000000        12.000000000000000        22.388364606784489     
   11.000000000000000        13.000000000000000        22.805120563952148     
   11.000000000000000        14.000000000000000        23.209943830104503     
   11.000000000000000        15.000000000000000        23.603263189129503     
   11.000000000000000        16.000000000000000        23.985520365422325     
   11.000000000000000        17.000000000000000        24.357157534420967     
   11.000000000000000        18.000000000000000        24.718609368757093     
   11.000000000000000        19.000000000000000        25.070297990813433     
   11.000000000000000        20.000000000000000        25.412629864972917     
   11.000000000000000        21.000000000000000        25.745994017343360     
   11.000000000000000        22.000000000000000        26.070761174291476     
   11.000000000000000        23.000000000000000        26.387283536597060     
   11.000000000000000        24.000000000000000        26.695894988373812     
   11.000000000000000        25.000000000000000        26.996911596591907     
   11.000000000000000        26.000000000000000        27.290632297362897     
   11.000000000000000        27.000000000000000        27.577339694399853     
   11.000000000000000        28.000000000000000        27.857300916497067     
   11.000000000000000        29.000000000000000        28.130768496626644     
   11.000000000000000        30.000000000000000        28.397981246814599     
   12.000000000000000        1.0000000000000000        15.807511469096429     
   12.000000000000000        2.0000000000000000        15.877536285018577     
   12.000000000000000        3.0000000000000000        16.227337461087807     
   12.000000000000000        4.0000000000000000        16.679703699883021     
   12.000000000000000        5.0000000000000000        17.167828497739826     
   12.000000000000000        6.0000000000000000        17.665032139222461     
   12.000000000000000        7.0000000000000000        18.160008047678005     
   12.000000000000000        8.0000000000000000        18.647629197197535     
   12.000000000000000        9.0000000000000000        19.125456171240938     
   12.000000000000000        10.000000000000000        19.592324003058383     
   12.000000000000000        11.000000000000000        20.047723373352415     
   12.000000000000000        12.000000000000000        20.491506812314856     
   12.000000000000000        13.000000000000000        20.923737771911942     
   12.000000000000000        14.000000000000000        21.344607063924588     
   12.000000000000000        15.000000000000000        21.754383345091824     
   12.000000000000000        16.000000000000000        22.153382059939247     
   12.000000000000000        17.000000000000000        22.541945108045720     
   12.000000000000000        18.000000000000000        22.920427154181020     
   12.000000000000000        19.000000000000000        23.289186280152133     
   12.000000000000000        20.000000000000000        23.648577592139738     
   12.000000000000000        21.000000000000000        23.998948896426356     
   12.000000000000000        22.000000000000000        24.340637846952411     
   12.000000000000000        23.000000000000000        24.673970148493421     
   12.000000000000000        24.000000000000000        24.999258517788121     
   12.000000000000000        25.000000000000000        25.316802186462429     
   12.000000000000000        26.000000000000000        25.626886787504784     
   12.000000000000000        27.000000000000000        25.929784509081589     
   12.000000000000000        28.000000000000000        26.225754430387884     
   12.000000000000000        29.000000000000000        26.515042977112358     
   12.000000000000000        30.000000000000000        26.797884451090944     
   13.000000000000000        1.0000000000000000        14.226288533382467     
   13.000000000000000        2.0000000000000000        14.168758936116005     
   13.000000000000000        3.0000000000000000        14.453698158103359     
   13.000000000000000        4.0000000000000000        14.871477628591336     
   13.000000000000000        5.0000000000000000        15.341218453479204     
   13.000000000000000        6.0000000000000000        15.829659025555841     
   13.000000000000000        7.0000000000000000        16.322132073736181     
   13.000000000000000        8.0000000000000000        16.811608760904313     
   13.000000000000000        9.0000000000000000        17.294467774016812     
   13.000000000000000        10.000000000000000        17.768752188038839     
   13.000000000000000        11.000000000000000        18.233391067670038     
   13.000000000000000        12.000000000000000        18.687821965926815     
   13.000000000000000        13.000000000000000        19.131792610825400     
   13.000000000000000        14.000000000000000        19.565248580490930     
   13.000000000000000        15.000000000000000        19.988265219929769     
   13.000000000000000        16.000000000000000        20.401003954359183     
   13.000000000000000        17.000000000000000        20.803682995227838     
   13.000000000000000        18.000000000000000        21.196557078851015     
   13.000000000000000        19.000000000000000        21.579903177237028     
   13.000000000000000        20.000000000000000        21.954010320112587     
   13.000000000000000        21.000000000000000        22.319172329629126     
   13.000000000000000        22.000000000000000        22.675682658163566     
   13.000000000000000        23.000000000000000        23.023830762110968     
   13.000000000000000        24.000000000000000        23.363899604089085     
   13.000000000000000        25.000000000000000        23.696163985595376     
   13.000000000000000        26.000000000000000        24.020889489972923     
   13.000000000000000        27.000000000000000        24.338331872042637     
   13.000000000000000        28.000000000000000        24.648736772394400     
   13.000000000000000        29.000000000000000        24.952339665295835     
   13.000000000000000        30.000000000000000        25.249365972330335     
   14.000000000000000        1.0000000000000000        12.832514677433531     
   14.000000000000000        2.0000000000000000        12.626909157052996     
   14.000000000000000        3.0000000000000000        12.832523032329611     
   14.000000000000000        4.0000000000000000        13.204595126068275     
   14.000000000000000        5.0000000000000000        13.646865664224592     
   14.000000000000000        6.0000000000000000        14.118820596711190     
   14.000000000000000        7.0000000000000000        14.602059884209167     
   14.000000000000000        8.0000000000000000        15.087426023157514     
   14.000000000000000        9.0000000000000000        15.569965248349153     
   14.000000000000000        10.000000000000000        16.046821772199348     
   14.000000000000000        11.000000000000000        16.516283170677323     
   14.000000000000000        12.000000000000000        16.977310067620373     
   14.000000000000000        13.000000000000000        17.429285080692505     
   14.000000000000000        14.000000000000000        17.871868379803505     
   14.000000000000000        15.000000000000000        18.304908813643333     
   14.000000000000000        16.000000000000000        18.728386048682140     
   14.000000000000000        17.000000000000000        19.142371195967343     
   14.000000000000000        18.000000000000000        19.546999142767106     
   14.000000000000000        19.000000000000000        19.942448682068104     
   14.000000000000000        20.000000000000000        20.328928048891463     
   14.000000000000000        21.000000000000000        20.706664316951670     
   14.000000000000000        22.000000000000000        21.075895607924952     
   14.000000000000000        23.000000000000000        21.436865377449703     
   14.000000000000000        24.000000000000000        21.789818247276710     
   14.000000000000000        25.000000000000000        22.134996993990733     
   14.000000000000000        26.000000000000000        22.472640404767343     
   14.000000000000000        27.000000000000000        22.802981783282995     
   14.000000000000000        28.000000000000000        23.126247942516656     
   14.000000000000000        29.000000000000000        23.442658561177051     
   14.000000000000000        30.000000000000000        23.752425810532763     
   15.000000000000000        1.0000000000000000        11.626189901249615     
   15.000000000000000        2.0000000000000000        11.251986947829556     
   15.000000000000000        3.0000000000000000        11.363812083766565     
   15.000000000000000        4.0000000000000000        11.679056192313837     
   15.000000000000000        5.0000000000000000        12.084770129975979     
   15.000000000000000        6.0000000000000000        12.532516852688508     
   15.000000000000000        7.0000000000000000        12.999791479096972     
   15.000000000000000        8.0000000000000000        13.475080983957113     
   15.000000000000000        9.0000000000000000        13.951948594237976     
   15.000000000000000        10.000000000000000        14.426532755539881     
   15.000000000000000        11.000000000000000        14.896399682374286     
   15.000000000000000        12.000000000000000        15.359971117395521     
   15.000000000000000        13.000000000000000        15.816215181513270     
   15.000000000000000        14.000000000000000        16.264466461862327     
   15.000000000000000        15.000000000000000        16.704314126232539     
   15.000000000000000        16.000000000000000        17.135528342908110     
   15.000000000000000        17.000000000000000        17.558009710264219     
   15.000000000000000        18.000000000000000        17.971753345929276     
   15.000000000000000        19.000000000000000        18.376822794645353     
   15.000000000000000        20.000000000000000        18.773330778476350     
   15.000000000000000        21.000000000000000        19.161424858394000     
   15.000000000000000        22.000000000000000        19.541276696236547     
   15.000000000000000        23.000000000000000        19.913073994509631     
   15.000000000000000        24.000000000000000        20.277014447350972     
   15.000000000000000        25.000000000000000        20.633301211648501     
   15.000000000000000        26.000000000000000        20.982139531888016     
   15.000000000000000        27.000000000000000        21.323734242802683     
   15.000000000000000        28.000000000000000        21.658287940754622     
   15.000000000000000        29.000000000000000        21.985999664756040     
   15.000000000000000        30.000000000000000        22.307063965698241     
   16.000000000000000        1.0000000000000000        10.607314204830717     
   16.000000000000000        2.0000000000000000        10.043992308445677     
   16.000000000000000        3.0000000000000000        10.047565312414209     
   16.000000000000000        4.0000000000000000        10.294860827328014     
   16.000000000000000        5.0000000000000000        10.654931850733364     
   16.000000000000000        6.0000000000000000        11.070747793487794     
   16.000000000000000        7.0000000000000000        11.515326858399593     
   16.000000000000000        8.0000000000000000        11.974573643303113     
   16.000000000000000        9.0000000000000000        12.440417811683266     
   16.000000000000000        10.000000000000000        12.907885138060454     
   16.000000000000000        11.000000000000000        13.373740602760918     
   16.000000000000000        12.000000000000000        13.835805115252265     
   16.000000000000000        13.000000000000000        14.292582913287678     
   16.000000000000000        14.000000000000000        14.743042826667386     
   16.000000000000000        15.000000000000000        15.186481157697367     
   16.000000000000000        16.000000000000000        15.622430837037104     
   16.000000000000000        17.000000000000000        16.050598538118471     
   16.000000000000000        18.000000000000000        16.470819688337532     
   16.000000000000000        19.000000000000000        16.883025514968782     
   16.000000000000000        20.000000000000000        17.287218508867277     
   16.000000000000000        21.000000000000000        17.683453953956089     
   16.000000000000000        22.000000000000000        18.071825923098359     
   16.000000000000000        23.000000000000000        18.452456613290746     
   16.000000000000000        24.000000000000000        18.825488204311899     
   16.000000000000000        25.000000000000000        19.191076638568692     
   16.000000000000000        26.000000000000000        19.549386871334956     
   16.000000000000000        27.000000000000000        19.900589250601676     
   16.000000000000000        28.000000000000000        20.244856767108306     
   16.000000000000000        29.000000000000000        20.582362976032769     
   16.000000000000000        30.000000000000000        20.913280437826760     
   17.000000000000000        1.0000000000000000        9.7758875881768343     
   17.000000000000000        2.0000000000000000        9.0029252389013585     
   17.000000000000000        3.0000000000000000        8.8837827182725473     
   17.000000000000000        4.0000000000000000        9.0520090311108063     
   17.000000000000000        5.0000000000000000        9.3573508264967558     
   17.000000000000000        6.0000000000000000        9.7335134191090482     
   17.000000000000000        7.0000000000000000        10.148666022117022     
   17.000000000000000        8.0000000000000000        10.585904001195514     
   17.000000000000000        9.0000000000000000        11.035372900685028     
   17.000000000000000        10.000000000000000        11.490878919761055     
   17.000000000000000        11.000000000000000        11.948305931837220     
   17.000000000000000        12.000000000000000        12.404812061190595     
   17.000000000000000        13.000000000000000        12.858388276015740     
   17.000000000000000        14.000000000000000        13.307597474218692     
   17.000000000000000        15.000000000000000        13.751409908037820     
   17.000000000000000        16.000000000000000        14.189093531069121     
   17.000000000000000        17.000000000000000        14.620137679530091     
   17.000000000000000        18.000000000000000        15.044198169991866     
   17.000000000000000        19.000000000000000        15.461056843038387     
   17.000000000000000        20.000000000000000        15.870591240064220     
   17.000000000000000        21.000000000000000        16.272751603637960     
   17.000000000000000        22.000000000000000        16.667543288510391     
   17.000000000000000        23.000000000000000        17.055013233793048     
   17.000000000000000        24.000000000000000        17.435239518159467     
   17.000000000000000        25.000000000000000        17.808323274751292     
   17.000000000000000        26.000000000000000        18.174382423108153     
   17.000000000000000        27.000000000000000        18.533546806679976     
   17.000000000000000        28.000000000000000        18.885954421577708     
   17.000000000000000        29.000000000000000        19.231748495007256     
   17.000000000000000        30.000000000000000        19.571075226918317     
   18.000000000000000        1.0000000000000000        9.1319100512879743     
   18.000000000000000        2.0000000000000000        8.1287857391966085     
   18.000000000000000        3.0000000000000000        7.8724643013415889     
   18.000000000000000        4.0000000000000000        7.9505008036622256     
   18.000000000000000        5.0000000000000000        8.1920270572661504     
   18.000000000000000        6.0000000000000000        8.5208137295522732     
   18.000000000000000        7.0000000000000000        8.8998089702492731     
   18.000000000000000        8.0000000000000000        9.3090720576343191     
   18.000000000000000        9.0000000000000000        9.7368138612432720     
   18.000000000000000        10.000000000000000        10.175514100641697     
   18.000000000000000        11.000000000000000        10.620095669603202     
   18.000000000000000        12.000000000000000        11.066991955210520     
   18.000000000000000        13.000000000000000        11.513631269697461     
   18.000000000000000        14.000000000000000        11.958130404516240     
   18.000000000000000        15.000000000000000        12.399100377253909     
   18.000000000000000        16.000000000000000        12.835516425004151     
   18.000000000000000        17.000000000000000        13.266627134499094     
   18.000000000000000        18.000000000000000        13.691888790892284     
   18.000000000000000        19.000000000000000        14.110916778854181     
   18.000000000000000        20.000000000000000        14.523448972067186     
   18.000000000000000        21.000000000000000        14.929317807439602     
   18.000000000000000        22.000000000000000        15.328428792472637     
   18.000000000000000        23.000000000000000        15.720743856016536     
   18.000000000000000        24.000000000000000        16.106268388893696     
   18.000000000000000        25.000000000000000        16.485041120196307     
   18.000000000000000        26.000000000000000        16.857126187207619     
   18.000000000000000        27.000000000000000        17.222606911037598     
   18.000000000000000        28.000000000000000        17.581580904162831     
   18.000000000000000        29.000000000000000        17.934156221679491     
   18.000000000000000        30.000000000000000        18.280448332972913     
   19.000000000000000        1.0000000000000000        8.6753815941641363     
   19.000000000000000        2.0000000000000000        7.4215738093314227     
   19.000000000000000        3.0000000000000000        7.0136100616213248     
   19.000000000000000        4.0000000000000000        6.9903361449822601     
   19.000000000000000        5.0000000000000000        7.1589605430415473     
   19.000000000000000        6.0000000000000000        7.4326487248174660     
   19.000000000000000        7.0000000000000000        7.7687557027963390     
   19.000000000000000        8.0000000000000000        8.1440778126195283     
   19.000000000000000        9.0000000000000000        8.5447406933579870     
   19.000000000000000        10.000000000000000        8.9617906807023715     
   19.000000000000000        11.000000000000000        9.3891098160588538     
   19.000000000000000        12.000000000000000        9.8223447973120379     
   19.000000000000000        13.000000000000000        10.258311894332834     
   19.000000000000000        14.000000000000000        10.694641617560031     
   19.000000000000000        15.000000000000000        11.129552565345623     
   19.000000000000000        16.000000000000000        11.561699518842206     
   19.000000000000000        17.000000000000000        11.990066903025472     
   19.000000000000000        18.000000000000000        12.413891551038795     
   19.000000000000000        19.000000000000000        12.832605322416148     
   19.000000000000000        20.000000000000000        13.245791704876183     
   19.000000000000000        21.000000000000000        13.653152565361022     
   19.000000000000000        22.000000000000000        14.054482434985106     
   19.000000000000000        23.000000000000000        14.449648479961214     
   19.000000000000000        24.000000000000000        14.838574816514578     
   19.000000000000000        25.000000000000000        15.221230174903738     
   19.000000000000000        26.000000000000000        15.597618163633346     
   19.000000000000000        27.000000000000000        15.967769563674530     
   19.000000000000000        28.000000000000000        16.331736214863664     
   19.000000000000000        29.000000000000000        16.689586156049486     
   19.000000000000000        30.000000000000000        17.041399755990565     
   20.000000000000000        1.0000000000000000        8.4063022168053152     
   20.000000000000000        2.0000000000000000        6.8812894493057994     
   20.000000000000000        3.0000000000000000        6.3072199991117568     
   20.000000000000000        4.0000000000000000        6.1715150550709152     
   20.000000000000000        5.0000000000000000        6.2581512838229472     
   20.000000000000000        6.0000000000000000        6.4690184049046300     
   20.000000000000000        7.0000000000000000        6.7555062197582147     
   20.000000000000000        8.0000000000000000        7.0909212661511409     
   20.000000000000000        9.0000000000000000        7.4591533970291763     
   20.000000000000000        10.000000000000000        7.8497086599430776     
   20.000000000000000        11.000000000000000        8.2553483712041729     
   20.000000000000000        12.000000000000000        8.6708705874951448     
   20.000000000000000        13.000000000000000        9.0924301499218583     
   20.000000000000000        14.000000000000000        9.5171311133500627     
   20.000000000000000        15.000000000000000        9.9427664723129592     
   20.000000000000000        16.000000000000000        10.367642812583274     
   20.000000000000000        17.000000000000000        10.790456985109222     
   20.000000000000000        18.000000000000000        11.210206450431377     
   20.000000000000000        19.000000000000000        11.626122473724299     
   20.000000000000000        20.000000000000000        12.037619438491198     
   20.000000000000000        21.000000000000000        12.444255877402211     
   20.000000000000000        22.000000000000000        12.845704216047793     
   20.000000000000000        23.000000000000000        13.241727105627078     
   20.000000000000000        24.000000000000000        13.632158801022115     
   20.000000000000000        25.000000000000000        14.016890438873583     
   20.000000000000000        26.000000000000000        14.395858352385329     
   20.000000000000000        27.000000000000000        14.769034764590776     
   20.000000000000000        28.000000000000000        15.136420353680217     
   20.000000000000000        29.000000000000000        15.498038298117230     
   20.000000000000000        30.000000000000000        15.853929495971238     
   21.000000000000000        1.0000000000000000        8.3246719192115144     
   21.000000000000000        2.0000000000000000        6.5079326591197431     
   21.000000000000000        3.0000000000000000        5.7532941138128857     
   21.000000000000000        4.0000000000000000        5.4940375339281893     
   21.000000000000000        5.0000000000000000        5.4895992796103483     
   21.000000000000000        6.0000000000000000        5.6299227698137617     
   21.000000000000000        7.0000000000000000        5.8600605211349110     
   21.000000000000000        8.0000000000000000        6.1496024182291551     
   21.000000000000000        9.0000000000000000        6.4800519722568408     
   21.000000000000000        10.000000000000000        6.8392680383638220     
   21.000000000000000        11.000000000000000        7.2188113350391694     
   21.000000000000000        12.000000000000000        7.6125693257598446     
   21.000000000000000        13.000000000000000        8.0159860364645343     
   21.000000000000000        14.000000000000000        8.4255988918863380     
   21.000000000000000        15.000000000000000        8.8387420981559277     
   21.000000000000000        16.000000000000000        9.2533463062273640     
   21.000000000000000        17.000000000000000        9.6677973807503470     
   21.000000000000000        18.000000000000000        10.080833489070050     
   21.000000000000000        19.000000000000000        10.491468232778631     
   21.000000000000000        20.000000000000000        10.898932172912239     
   21.000000000000000        21.000000000000000        11.302627743563180     
   21.000000000000000        22.000000000000000        11.702094135660692     
   21.000000000000000        23.000000000000000        12.096979733014132     
   21.000000000000000        24.000000000000000        12.487020342416301     
   21.000000000000000        25.000000000000000        12.872021912105845     
   21.000000000000000        26.000000000000000        13.251846753463582     
   21.000000000000000        27.000000000000000        13.626402513786335     
   21.000000000000000        28.000000000000000        13.995633320612486     
   21.000000000000000        29.000000000000000        14.359512647882731     
   21.000000000000000        30.000000000000000        14.718037552914973     
   22.000000000000000        1.0000000000000000        8.4304907013827339     
   22.000000000000000        2.0000000000000000        6.3015034387732509     
   22.000000000000000        3.0000000000000000        5.3518324057247133     
   22.000000000000000        4.0000000000000000        4.9579035815540813     
   22.000000000000000        5.0000000000000000        4.8533045304037570     
   22.000000000000000        6.0000000000000000        4.9153618195448612     
   22.000000000000000        7.0000000000000000        5.0824186069264208     
   22.000000000000000        8.0000000000000000        5.3201212688535753     
   22.000000000000000        9.0000000000000000        5.6074364190409778     
   22.000000000000000        10.000000000000000        5.9304688159646028     
   22.000000000000000        11.000000000000000        6.2794987075638389     
   22.000000000000000        12.000000000000000        6.6474410121061389     
   22.000000000000000        13.000000000000000        7.0289795539608715     
   22.000000000000000        14.000000000000000        7.4200449531688610     
   22.000000000000000        15.000000000000000        7.8174794428745278     
   22.000000000000000        16.000000000000000        8.2188099997744732     
   22.000000000000000        17.000000000000000        8.6220880899488463     
   22.000000000000000        18.000000000000000        9.0257726669548060     
   22.000000000000000        19.000000000000000        9.4286425995791401     
   22.000000000000000        20.000000000000000        9.8297299081393081     
   22.000000000000000        21.000000000000000        10.228268163843921     
   22.000000000000000        22.000000000000000        10.623652193823816     
   22.000000000000000        23.000000000000000        11.015406362122373     
   22.000000000000000        24.000000000000000        11.403159440697138     
   22.000000000000000        25.000000000000000        11.786624594600520     
   22.000000000000000        26.000000000000000        12.165583366868095     
   22.000000000000000        27.000000000000000        12.539872811261214     
   22.000000000000000        28.000000000000000        12.909375115660477     
   22.000000000000000        29.000000000000000        13.274009205345989     
   22.000000000000000        30.000000000000000        13.633723926821741     
   23.000000000000000        1.0000000000000000        8.7237585633189774     
   23.000000000000000        2.0000000000000000        6.2620017882663248     
   23.000000000000000        3.0000000000000000        5.1028348748472361     
   23.000000000000000        4.0000000000000000        4.5631131979485957     
   23.000000000000000        5.0000000000000000        4.3492670362031651     
   23.000000000000000        6.0000000000000000        4.3253355540979301     
   23.000000000000000        7.0000000000000000        4.4225804771327448     
   23.000000000000000        8.0000000000000000        4.6024778180243979     
   23.000000000000000        9.0000000000000000        4.8413067373815926     
   23.000000000000000        10.000000000000000        5.1233109927454166     
   23.000000000000000        11.000000000000000        5.4374104887781813     
   23.000000000000000        12.000000000000000        5.7754856465340252     
   23.000000000000000        13.000000000000000        6.1314107024108582     
   23.000000000000000        14.000000000000000        6.5004692971976228     
   23.000000000000000        15.000000000000000        6.8789785064687559     
   23.000000000000000        16.000000000000000        7.2640338932245996     
   23.000000000000000        17.000000000000000        7.6533291127047303     
   23.000000000000000        18.000000000000000        8.0450239840856472     
   23.000000000000000        19.000000000000000        8.4376455741258312     
   23.000000000000000        20.000000000000000        8.8300126441723990     
   23.000000000000000        21.000000000000000        9.2211771382444390     
   23.000000000000000        22.000000000000000        9.6103783905371536     
   23.000000000000000        23.000000000000000        9.9970069929518068     
   23.000000000000000        24.000000000000000        10.380576095864637     
   23.000000000000000        25.000000000000000        10.760698486357612     
   23.000000000000000        26.000000000000000        11.137068192598875     
   23.000000000000000        27.000000000000000        11.509445657015405     
   23.000000000000000        28.000000000000000        11.877645738824187     
   23.000000000000000        29.000000000000000        12.241527970506997     
   23.000000000000000        30.000000000000000        12.600988617691547     
   24.000000000000000        1.0000000000000000        9.2044755050202358     
   24.000000000000000        2.0000000000000000        6.3894277075989576     
   24.000000000000000        3.0000000000000000        5.0063015211804540     
   24.000000000000000        4.0000000000000000        4.3096663831117281     
   24.000000000000000        5.0000000000000000        3.9774867970085750     
   24.000000000000000        6.0000000000000000        3.8598439734729690     
   24.000000000000000        7.0000000000000000        3.8805461317538850     
   24.000000000000000        8.0000000000000000        3.9966720657416213     
   24.000000000000000        9.0000000000000000        4.1816629272786772     
   24.000000000000000        10.000000000000000        4.4177945687062614     
   24.000000000000000        11.000000000000000        4.6925466786821941     
   24.000000000000000        12.000000000000000        4.9967032290435025     
   24.000000000000000        13.000000000000000        5.3232794818144962     
   24.000000000000000        14.000000000000000        5.6668719239726242     
   24.000000000000000        15.000000000000000        6.0232392889386093     
   24.000000000000000        16.000000000000000        6.3890179865777474     
   24.000000000000000        17.000000000000000        6.7615204490179792     
   24.000000000000000        18.000000000000000        7.1385874404625662     
   24.000000000000000        19.000000000000000        7.5184771564186992     
   24.000000000000000        20.000000000000000        7.8997803810115128     
   24.000000000000000        21.000000000000000        8.2813546667647255     
   24.000000000000000        22.000000000000000        8.6622727258007099     
   24.000000000000000        23.000000000000000        9.0417816255024253     
   24.000000000000000        24.000000000000000        9.4192703079187794     
   24.000000000000000        25.000000000000000        9.7942435873771156     
   24.000000000000000        26.000000000000000        10.166301230655915     
   24.000000000000000        27.000000000000000        10.535121051048909     
   24.000000000000000        28.000000000000000        10.900445190103611     
   24.000000000000000        29.000000000000000        11.262068943365755     
   24.000000000000000        30.000000000000000        11.619831625524395     
   25.000000000000000        1.0000000000000000        9.8726415264865182     
   25.000000000000000        2.0000000000000000        6.6837811967711618     
   25.000000000000000        3.0000000000000000        5.0622323447243724     
   25.000000000000000        4.0000000000000000        4.1975631370434785     
   25.000000000000000        5.0000000000000000        3.7379638128199901     
   25.000000000000000        6.0000000000000000        3.5188870776699761     
   25.000000000000000        7.0000000000000000        3.4563155707898394     
   25.000000000000000        8.0000000000000000        3.5027040120052479     
   25.000000000000000        9.0000000000000000        3.6285049887322391     
   25.000000000000000        10.000000000000000        3.8139195438471467     
   25.000000000000000        11.000000000000000        4.0449072772758807     
   25.000000000000000        12.000000000000000        4.3110937596345753     
   25.000000000000000        13.000000000000000        4.6045858921717908     
   25.000000000000000        14.000000000000000        4.9192528334938714     
   25.000000000000000        15.000000000000000        5.2502617902840916     
   25.000000000000000        16.000000000000000        5.5937622798339142     
   25.000000000000000        17.000000000000000        5.9466620988886074     
   25.000000000000000        18.000000000000000        6.3064630360855718     
   25.000000000000000        19.000000000000000        6.6711373464577486     
   25.000000000000000        20.000000000000000        7.0390331186566542     
   25.000000000000000        21.000000000000000        7.4088007494047892     
   25.000000000000000        22.000000000000000        7.7793351996144855     
   25.000000000000000        23.000000000000000        8.1497302597742305     
   25.000000000000000        24.000000000000000        8.5192420768595802     
   25.000000000000000        25.000000000000000        8.8872598976590371     
   25.000000000000000        26.000000000000000        9.2532824810392160     
   25.000000000000000        27.000000000000000        9.6168989933617262     
   25.000000000000000        28.000000000000000        9.9777734694987519     
   25.000000000000000        29.000000000000000        10.335632123922274     
   25.000000000000000        30.000000000000000        10.690252950320293     
   26.000000000000000        1.0000000000000000        10.728256627717817     
   26.000000000000000        2.0000000000000000        7.1450622557829258     
   26.000000000000000        3.0000000000000000        5.2706273454789869     
   26.000000000000000        4.0000000000000000        4.2268034597438513     
   26.000000000000000        5.0000000000000000        3.6306980836374079     
   26.000000000000000        6.0000000000000000        3.3024648666889527     
   26.000000000000000        7.0000000000000000        3.1498887942406082     
   26.000000000000000        8.0000000000000000        3.1205736568152780     
   26.000000000000000        9.0000000000000000        3.1818329217422736     
   26.000000000000000        10.000000000000000        3.3116859181680631     
   26.000000000000000        11.000000000000000        3.4944922845592399     
   26.000000000000000        12.000000000000000        3.7186572383072356     
   26.000000000000000        13.000000000000000        3.9753299334827359     
   26.000000000000000        14.000000000000000        4.2576120257613592     
   26.000000000000000        15.000000000000000        4.5600460105052001     
   26.000000000000000        16.000000000000000        4.8782667729930980     
   26.000000000000000        17.000000000000000        5.2087540623166086     
   26.000000000000000        18.000000000000000        5.5486507709546613     
   26.000000000000000        19.000000000000000        5.8956261442429776     
   26.000000000000000        20.000000000000000        6.2477708571078168     
   26.000000000000000        21.000000000000000        6.6035153861646272     
   26.000000000000000        22.000000000000000        6.9615658119784749     
   26.000000000000000        23.000000000000000        7.3208528957672234     
   26.000000000000000        24.000000000000000        7.6804914026870286     
   26.000000000000000        25.000000000000000        8.0397474172033725     
   26.000000000000000        26.000000000000000        8.3980119437487808     
   26.000000000000000        27.000000000000000        8.7547794839538593     
   26.000000000000000        28.000000000000000        9.1096305770096127     
   26.000000000000000        29.000000000000000        9.4622175121765384     
   26.000000000000000        30.000000000000000        9.8122525920792256     
   27.000000000000000        1.0000000000000000        11.771320808714135     
   27.000000000000000        2.0000000000000000        7.7732708846342549     
   27.000000000000000        3.0000000000000000        5.6314865234442957     
   27.000000000000000        4.0000000000000000        4.3973873512128412     
   27.000000000000000        5.0000000000000000        3.6556896094608287     
   27.000000000000000        6.0000000000000000        3.2105773405298983     
   27.000000000000000        7.0000000000000000        2.9612658021061931     
   27.000000000000000        8.0000000000000000        2.8502810001717132     
   27.000000000000000        9.0000000000000000        2.8416467263087846     
   27.000000000000000        10.000000000000000        2.9110936916690173     
   27.000000000000000        11.000000000000000        3.0413017005322716     
   27.000000000000000        12.000000000000000        3.2193936650614923     
   27.000000000000000        13.000000000000000        3.4355116057473389     
   27.000000000000000        14.000000000000000        3.6819495007750933     
   27.000000000000000        15.000000000000000        3.9525919496019419     
   27.000000000000000        16.000000000000000        4.2425314660553051     
   27.000000000000000        17.000000000000000        4.5477963393019891     
   27.000000000000000        18.000000000000000        4.8651506450698374     
   27.000000000000000        19.000000000000000        5.1919435497743889     
   27.000000000000000        20.000000000000000        5.5259935963650086     
   27.000000000000000        21.000000000000000        5.8654985770442423     
   27.000000000000000        22.000000000000000        6.2089645628926897     
   27.000000000000000        23.000000000000000        6.5551495334814094     
   27.000000000000000        24.000000000000000        6.9030182854011368     
   27.000000000000000        25.000000000000000        7.2517061460101262     
   27.000000000000000        26.000000000000000        7.6004896187846152     
   27.000000000000000        27.000000000000000        7.9487625228253105     
   27.000000000000000        28.000000000000000        8.2960165126361911     
   27.000000000000000        29.000000000000000        8.6418251081285646     
   27.000000000000000        30.000000000000000        8.9858305508012055     
   28.000000000000000        1.0000000000000000        13.001834069475480     
   28.000000000000000        2.0000000000000000        8.5684070833251536     
   28.000000000000000        3.0000000000000000        6.1448098786203040     
   28.000000000000000        4.0000000000000000        4.7093148114504517     
   28.000000000000000        5.0000000000000000        3.8129383902902525     
   28.000000000000000        6.0000000000000000        3.2432244991928121     
   28.000000000000000        7.0000000000000000        2.8904465943865936     
   28.000000000000000        8.0000000000000000        2.6918260420745512     
   28.000000000000000        9.0000000000000000        2.6079464024317676     
   28.000000000000000        10.000000000000000        2.6121428643500035     
   28.000000000000000        11.000000000000000        2.6853355251949753     
   28.000000000000000        12.000000000000000        2.8133030398973378     
   28.000000000000000        13.000000000000000        2.9851309089655929     
   28.000000000000000        14.000000000000000        3.1922652585350684     
   28.000000000000000        15.000000000000000        3.4278996075743073     
   28.000000000000000        16.000000000000000        3.6865563590205275     
   28.000000000000000        17.000000000000000        3.9637889298447422     
   28.000000000000000        18.000000000000000        4.2559626584310930     
   28.000000000000000        19.000000000000000        4.5600895630519771     
   28.000000000000000        20.000000000000000        4.8737013364282227     
   28.000000000000000        21.000000000000000        5.1947503220436291     
   28.000000000000000        22.000000000000000        5.5215314523571166     
   28.000000000000000        23.000000000000000        5.8526201729167759     
   28.000000000000000        24.000000000000000        6.1868227250018935     
   28.000000000000000        25.000000000000000        6.5231360840792902     
   28.000000000000000        26.000000000000000        6.8607155061467040     
   28.000000000000000        27.000000000000000        7.1988481099760708     
   28.000000000000000        28.000000000000000        7.5369312763784864     
   28.000000000000000        29.000000000000000        7.8744549117783409     
   28.000000000000000        30.000000000000000        8.2109868264862218     
   29.000000000000000        1.0000000000000000        14.419796410001831     
   29.000000000000000        2.0000000000000000        9.5304708518556076     
   29.000000000000000        3.0000000000000000        6.8105974110070040     
   29.000000000000000        4.0000000000000000        5.1625858404566785     
   29.000000000000000        5.0000000000000000        4.1024444261256772     
   29.000000000000000        6.0000000000000000        3.4004063426776971     
   29.000000000000000        7.0000000000000000        2.9374311710818084     
   29.000000000000000        8.0000000000000000        2.6452087825237918     
   29.000000000000000        9.0000000000000000        2.4807319501112270     
   29.000000000000000        10.000000000000000        2.4148334362110262     
   29.000000000000000        11.000000000000000        2.4265937585473534     
   29.000000000000000        12.000000000000000        2.5003853628147787     
   29.000000000000000        13.000000000000000        2.6241878431374999     
   29.000000000000000        14.000000000000000        2.7885592990412866     
   29.000000000000000        15.000000000000000        2.9859689844223043     
   29.000000000000000        16.000000000000000        3.2103414518887718     
   29.000000000000000        17.000000000000000        3.4567318339448727     
   29.000000000000000        18.000000000000000        3.7210868110384347     
   29.000000000000000        19.000000000000000        4.0000641840757494     
   29.000000000000000        20.000000000000000        4.2908940772974624     
   29.000000000000000        21.000000000000000        4.5912706211627912     
   29.000000000000000        22.000000000000000        4.8992664803717654     
   29.000000000000000        23.000000000000000        5.2132648140733373     
   29.000000000000000        24.000000000000000        5.5319047214893065     
   29.000000000000000        25.000000000000000        5.8540372314108735     
   29.000000000000000        26.000000000000000        6.1786896058350598     
   29.000000000000000        27.000000000000000        6.5050362454061474     
   29.000000000000000        28.000000000000000        6.8323748682365029     
   29.000000000000000        29.000000000000000        7.1601069231258743     
   29.000000000000000        30.000000000000000        7.4877214191342860     
   30.000000000000000        1.0000000000000000        16.025207830293215     
   30.000000000000000        2.0000000000000000        10.659462190225632     
   30.000000000000000        3.0000000000000000        7.6288491206044071     
   30.000000000000000        4.0000000000000000        5.7572004382315276     
   30.000000000000000        5.0000000000000000        4.5242077169671076     
   30.000000000000000        6.0000000000000000        3.6821228709845486     
   30.000000000000000        7.0000000000000000        3.1022195321918380     
   30.000000000000000        8.0000000000000000        2.7104292215194343     
   30.000000000000000        9.0000000000000000        2.4600033693471595     
   30.000000000000000        10.000000000000000        2.3191654072520826     
   30.000000000000000        11.000000000000000        2.2650764005894022     
   30.000000000000000        12.000000000000000        2.2806406338138099     
   30.000000000000000        13.000000000000000        2.3526824082630609     
   30.000000000000000        14.000000000000000        2.4708316222937468     
   30.000000000000000        15.000000000000000        2.6268000801459275     
   30.000000000000000        16.000000000000000        2.8138867446600324     
   30.000000000000000        17.000000000000000        3.0266250516023767     
   30.000000000000000        18.000000000000000        3.2605231028918582     
   30.000000000000000        19.000000000000000        3.5118674128456977     
   30.000000000000000        20.000000000000000        3.7775718189727230     
   30.000000000000000        21.000000000000000        4.0550594744017276     
   30.000000000000000        22.000000000000000        4.3421696469366298     
   30.000000000000000        23.000000000000000        4.6370834569510828     
   30.000000000000000        24.000000000000000        4.9382642748633687     
   30.000000000000000        25.000000000000000        5.2444095880048689     
   30.000000000000000        26.000000000000000        5.5544119178496754     
   30.000000000000000        27.000000000000000        5.8673269291155350     
   30.000000000000000        28.000000000000000        6.1823472882102326     
   30.000000000000000        29.000000000000000        6.4987811421711594     
   30.000000000000000        30.000000000000000        6.8160343287453840     
   31.000000000000000        1.0000000000000000        17.818068330349618     
   31.000000000000000        2.0000000000000000        11.955381098435222     
   31.000000000000000        3.0000000000000000        8.5995650074125045     
   31.000000000000000        4.0000000000000000        6.4931586047749974     
   31.000000000000000        5.0000000000000000        5.0782282628145410     
   31.000000000000000        6.0000000000000000        4.0883740841133722     
   31.000000000000000        7.0000000000000000        3.3848116777166837     
   31.000000000000000        8.0000000000000000        2.8874873590614811     
   31.000000000000000        9.0000000000000000        2.5457606601395653     
   31.000000000000000        10.000000000000000        2.3251387774731733     
   31.000000000000000        11.000000000000000        2.2007834513211240     
   31.000000000000000        12.000000000000000        2.1540688528944334     
   31.000000000000000        13.000000000000000        2.1706146043422740     
   31.000000000000000        14.000000000000000        2.2390822282924483     
   31.000000000000000        15.000000000000000        2.3503928947451782     
   31.000000000000000        16.000000000000000        2.4971922373343132     
   31.000000000000000        17.000000000000000        2.6734685828172560     
   31.000000000000000        18.000000000000000        2.8742715339913643     
   31.000000000000000        19.000000000000000        3.0954992493618265     
   31.000000000000000        20.000000000000000        3.3337345614540084     
   31.000000000000000        21.000000000000000        3.5861168817604367     
   31.000000000000000        22.000000000000000        3.8502409520517116     
   31.000000000000000        23.000000000000000        4.1240761015500151     
   31.000000000000000        24.000000000000000        4.4059013851240838     
   31.000000000000000        25.000000000000000        4.6942531538612764     
   31.000000000000000        26.000000000000000        4.9878824421905552     
   31.000000000000000        27.000000000000000        5.2857201611042379     
   31.000000000000000        28.000000000000000        5.5868485362996818     
   31.000000000000000        29.000000000000000        5.8904775689141955     
   31.000000000000000        30.000000000000000        6.1959255553195289     
   32.000000000000000        1.0000000000000000        19.798377910171034     
   32.000000000000000        2.0000000000000000        13.418227576484373     
   32.000000000000000        3.0000000000000000        9.7227450714312962     
   32.000000000000000        4.0000000000000000        7.3704603400870825     
   32.000000000000000        5.0000000000000000        5.7645060636679730     
   32.000000000000000        6.0000000000000000        4.6191599820641613     
   32.000000000000000        7.0000000000000000        3.7852076076563441     
   32.000000000000000        8.0000000000000000        3.1763831951499295     
   32.000000000000000        9.0000000000000000        2.7380038224884458     
   32.000000000000000        10.000000000000000        2.4327535468742996     
   32.000000000000000        11.000000000000000        2.2337149107425192     
   32.000000000000000        12.000000000000000        2.1206700200566502     
   32.000000000000000        13.000000000000000        2.0779844313751425     
   32.000000000000000        14.000000000000000        2.0933111170373939     
   32.000000000000000        15.000000000000000        2.1567474282200592     
   32.000000000000000        16.000000000000000        2.2602579299116146     
   32.000000000000000        17.000000000000000        2.3972624275895118     
   32.000000000000000        18.000000000000000        2.5623321043369560     
   32.000000000000000        19.000000000000000        2.7509596936241372     
   32.000000000000000        20.000000000000000        2.9593823047413204     
   32.000000000000000        21.000000000000000        3.1844428432389229     
   32.000000000000000        22.000000000000000        3.4234803957170126     
   32.000000000000000        23.000000000000000        3.6742427478701400     
   32.000000000000000        24.000000000000000        3.9348160522714557     
   32.000000000000000        25.000000000000000        4.2035679289801040     
   32.000000000000000        26.000000000000000        4.4791011788577002     
   32.000000000000000        27.000000000000000        4.7602159413722562     
   32.000000000000000        28.000000000000000        5.0458786125048505     
   32.000000000000000        29.000000000000000        5.3351962033549896     
   32.000000000000000        30.000000000000000        5.6273950988567165     
   33.000000000000000        1.0000000000000000        21.966136569757481     
   33.000000000000000        2.0000000000000000        15.048001624373091     
   33.000000000000000        3.0000000000000000        10.998389312660791     
   33.000000000000000        4.0000000000000000        8.3891056441677900     
   33.000000000000000        5.0000000000000000        6.5830411195274126     
   33.000000000000000        6.0000000000000000        5.2744805648369217     
   33.000000000000000        7.0000000000000000        4.3034073220108198     
   33.000000000000000        8.0000000000000000        3.5771167297847826     
   33.000000000000000        9.0000000000000000        3.0367328563938032     
   33.000000000000000        10.000000000000000        2.6420097154554605     
   33.000000000000000        11.000000000000000        2.3638707788535864     
   33.000000000000000        12.000000000000000        2.1804441353004589     
   33.000000000000000        13.000000000000000        2.0747918893616641     
   33.000000000000000        14.000000000000000        2.0335182885285827     
   33.000000000000000        15.000000000000000        2.0458636805705672     
   33.000000000000000        16.000000000000000        2.1030838223919339     
   33.000000000000000        17.000000000000000        2.1980065859191420     
   33.000000000000000        18.000000000000000        2.3247048139286304     
   33.000000000000000        19.000000000000000        2.4782487456326261     
   33.000000000000000        20.000000000000000        2.6545150488346563     
   33.000000000000000        21.000000000000000        2.8500373588371821     
   33.000000000000000        22.000000000000000        3.0618879779325305     
   33.000000000000000        23.000000000000000        3.2875833959114495     
   33.000000000000000        24.000000000000000        3.5250082763054773     
   33.000000000000000        25.000000000000000        3.7723539133613428     
   33.000000000000000        26.000000000000000        4.0280681278511068     
   33.000000000000000        27.000000000000000        4.2908142699195899     
   33.000000000000000        28.000000000000000        4.5594375168257324     
   33.000000000000000        29.000000000000000        4.8329370454935336     
   33.000000000000000        30.000000000000000        5.1104429593569423     
   34.000000000000000        1.0000000000000000        24.321344309108941     
   34.000000000000000        2.0000000000000000        16.844703242101374     
   34.000000000000000        3.0000000000000000        12.426497731100980     
   34.000000000000000        4.0000000000000000        9.5490945170171191     
   34.000000000000000        5.0000000000000000        7.5338334303928534     
   34.000000000000000        6.0000000000000000        6.0543358324316534     
   34.000000000000000        7.0000000000000000        4.9394108207801111     
   34.000000000000000        8.0000000000000000        4.0896879629660416     
   34.000000000000000        9.0000000000000000        3.4419477618556331     
   34.000000000000000        10.000000000000000        2.9529072832166574     
   34.000000000000000        11.000000000000000        2.5912510556543271     
   34.000000000000000        12.000000000000000        2.3333911986258600     
   34.000000000000000        13.000000000000000        2.1610369783018393     
   34.000000000000000        14.000000000000000        2.0597037427660130     
   34.000000000000000        15.000000000000000        2.0177416517967042     
   34.000000000000000        16.000000000000000        2.0256699147752717     
   34.000000000000000        17.000000000000000        2.0757010578061474     
   34.000000000000000        18.000000000000000        2.1613896627663891     
   34.000000000000000        19.000000000000000        2.2773664053872955     
   34.000000000000000        20.000000000000000        2.4191327937340161     
   34.000000000000000        21.000000000000000        2.5829004285552144     
   34.000000000000000        22.000000000000000        2.7654636986982672     
   34.000000000000000        23.000000000000000        2.9640980456739485     
   34.000000000000000        24.000000000000000        3.1764780572261517     
   34.000000000000000        25.000000000000000        3.4006111070049969     
   34.000000000000000        26.000000000000000        3.6347832891707728     
   34.000000000000000        27.000000000000000        3.8775151467462323     
   34.000000000000000        28.000000000000000        4.1275252492623355     
   34.000000000000000        29.000000000000000        4.3837000953298322     
   34.000000000000000        30.000000000000000        4.6450691368202088     
   35.000000000000000        1.0000000000000000        26.864001128225414     
   35.000000000000000        2.0000000000000000        18.808332429669214     
   35.000000000000000        3.0000000000000000        14.007070326751863     
   35.000000000000000        4.0000000000000000        10.850426958635060     
   35.000000000000000        5.0000000000000000        8.6168829962642945     
   35.000000000000000        6.0000000000000000        6.9587257848483457     
   35.000000000000000        7.0000000000000000        5.6932181039642149     
   35.000000000000000        8.0000000000000000        4.7140968946936974     
   35.000000000000000        9.0000000000000000        3.9536485388739342     
   35.000000000000000        10.000000000000000        3.3654462501578863     
   35.000000000000000        11.000000000000000        2.9158557411447390     
   35.000000000000000        12.000000000000000        2.5795112100328526     
   35.000000000000000        13.000000000000000        2.3367196981956666     
   35.000000000000000        14.000000000000000        2.1718674797496864     
   35.000000000000000        15.000000000000000        2.0723813418984682     
   35.000000000000000        16.000000000000000        2.0280162070616292     
   35.000000000000000        17.000000000000000        2.0303458432505281     
   35.000000000000000        18.000000000000000        2.0723866508502322     
   35.000000000000000        19.000000000000000        2.1483126728881450     
   35.000000000000000        20.000000000000000        2.2532355394394021     
   35.000000000000000        21.000000000000000        2.3830320523930237     
   35.000000000000000        22.000000000000000        2.5342075580142223     
   35.000000000000000        23.000000000000000        2.7037866971576361     
   35.000000000000000        24.000000000000000        2.8892253950334812     
   35.000000000000000        25.000000000000000        3.0883395099110689     
   35.000000000000000        26.000000000000000        3.2992466628167070     
   35.000000000000000        27.000000000000000        3.5203185718521954     
   35.000000000000000        28.000000000000000        3.7501418098146555     
   35.000000000000000        29.000000000000000        3.9874853528638861     
   35.000000000000000        30.000000000000000        4.2312736312465242     
   36.000000000000000        1.0000000000000000        29.594107027106919     
   36.000000000000000        2.0000000000000000        20.938889187076629     
   36.000000000000000        3.0000000000000000        15.740107099613441     
   36.000000000000000        4.0000000000000000        12.293102969021625     
   36.000000000000000        5.0000000000000000        9.8321898171417459     
   36.000000000000000        6.0000000000000000        7.9876504220870181     
   36.000000000000000        7.0000000000000000        6.5648291715631357     
   36.000000000000000        8.0000000000000000        5.4503435249677610     
   36.000000000000000        9.0000000000000000        4.5718351874487153     
   36.000000000000000        10.000000000000000        3.8796266162791531     
   36.000000000000000        11.000000000000000        3.3376848353248247     
   36.000000000000000        12.000000000000000        2.9188041695214384     
   36.000000000000000        13.000000000000000        2.6018400490431497     
   36.000000000000000        14.000000000000000        2.3700094994796030     
   36.000000000000000        15.000000000000000        2.2097827508758612     
   36.000000000000000        16.000000000000000        2.1101226992510056     
   36.000000000000000        17.000000000000000        2.0619409422522841     
   36.000000000000000        18.000000000000000        2.0576957781801566     
   36.000000000000000        19.000000000000000        2.0910875481351745     
   36.000000000000000        20.000000000000000        2.1568232859508116     
   36.000000000000000        21.000000000000000        2.2504322303506057     
   36.000000000000000        22.000000000000000        2.3681195558803938     
   36.000000000000000        23.000000000000000        2.5066493503625100     
   36.000000000000000        24.000000000000000        2.6632502897274626     
   36.000000000000000        25.000000000000000        2.8355391220795534     
   36.000000000000000        26.000000000000000        3.0214582487888997     
   36.000000000000000        27.000000000000000        3.2192245452374686     
   36.000000000000000        28.000000000000000        3.4272871984826931     
   36.000000000000000        29.000000000000000        3.6442928180956917     
   36.000000000000000        30.000000000000000        3.8690564426358751     
   37.000000000000000        1.0000000000000000        32.511662005753443     
   37.000000000000000        2.0000000000000000        23.236373514323610     
   37.000000000000000        3.0000000000000000        17.625608049685731     
   37.000000000000000        4.0000000000000000        13.877122548176814     
   37.000000000000000        5.0000000000000000        11.179753893025197     
   37.000000000000000        6.0000000000000000        9.1411097441476539     
   37.000000000000000        7.0000000000000000        7.5542440235768753     
   37.000000000000000        8.0000000000000000        6.2984278537882297     
   37.000000000000000        9.0000000000000000        5.2965077075799680     
   37.000000000000000        10.000000000000000        4.4954483815804522     
   37.000000000000000        11.000000000000000        3.8567383381945830     
   37.000000000000000        12.000000000000000        3.3512700770916179     
   37.000000000000000        13.000000000000000        2.9563980308442850     
   37.000000000000000        14.000000000000000        2.6541298019557629     
   37.000000000000000        15.000000000000000        2.4299458787288839     
   37.000000000000000        16.000000000000000        2.2719893913434026     
   37.000000000000000        17.000000000000000        2.1704863548114157     
   37.000000000000000        18.000000000000000        2.1173170447561662     
   37.000000000000000        19.000000000000000        2.1056910311283841     
   37.000000000000000        20.000000000000000        2.1298960332682451     
   37.000000000000000        21.000000000000000        2.1851009624279611     
   37.000000000000000        22.000000000000000        2.2671996922967841     
   37.000000000000000        23.000000000000000        2.3726860052885730     
   37.000000000000000        24.000000000000000        2.4985527413080968     
   37.000000000000000        25.000000000000000        2.6422099435104527     
   37.000000000000000        26.000000000000000        2.8014180470873571     
   37.000000000000000        27.000000000000000        2.9742330669020576     
   37.000000000000000        28.000000000000000        3.1589614152664480     
   37.000000000000000        29.000000000000000        3.3541224910252523     
   37.000000000000000        30.000000000000000        3.5584175709882686     
   38.000000000000000        1.0000000000000000        35.616666064164974     
   38.000000000000000        2.0000000000000000        25.700785411410145     
   38.000000000000000        3.0000000000000000        19.663573176968693     
   38.000000000000000        4.0000000000000000        15.602485696100613     
   38.000000000000000        5.0000000000000000        12.659575223914644     
   38.000000000000000        6.0000000000000000        10.419103751030256     
   38.000000000000000        7.0000000000000000        8.6614626600054230     
   38.000000000000000        8.0000000000000000        7.2583498811550946     
   38.000000000000000        9.0000000000000000        6.1276660992676915     
   38.000000000000000        10.000000000000000        5.2129115460617861     
   38.000000000000000        11.000000000000000        4.4730162497540125     
   38.000000000000000        12.000000000000000        3.8769089327433868     
   38.000000000000000        13.000000000000000        3.4003936435990729     
   38.000000000000000        14.000000000000000        3.0242283871781623     
   38.000000000000000        15.000000000000000        2.7328707254575320     
   38.000000000000000        16.000000000000000        2.5136162833388176     
   38.000000000000000        17.000000000000000        2.3559820809279217     
   38.000000000000000        18.000000000000000        2.2512504505782585     
   38.000000000000000        19.000000000000000        2.1921231218677728     
   38.000000000000000        20.000000000000000        2.1724537813917033     
   38.000000000000000        21.000000000000000        2.1870382486250937     
   38.000000000000000        22.000000000000000        2.2314479672633927     
   38.000000000000000        23.000000000000000        2.3018966619358241     
   38.000000000000000        24.000000000000000        2.3951327497753852     
   38.000000000000000        25.000000000000000        2.5083519742037681     
   38.000000000000000        26.000000000000000        2.6391260577120792     
   38.000000000000000        27.000000000000000        2.7853441368459602     
   38.000000000000000        28.000000000000000        2.9451644601659215     
   38.000000000000000        29.000000000000000        3.1169743716525673     
   38.000000000000000        30.000000000000000        3.2993570163037060     
   39.000000000000000        1.0000000000000000        38.909119202341536     
   39.000000000000000        2.0000000000000000        28.332124878336248     
   39.000000000000000        3.0000000000000000        21.854002481462377     
   39.000000000000000        4.0000000000000000        17.469192412793038     
   39.000000000000000        5.0000000000000000        14.271653809810106     
   39.000000000000000        6.0000000000000000        11.821632442734829     
   39.000000000000000        7.0000000000000000        9.8864850808487912     
   39.000000000000000        8.0000000000000000        8.3301096070683709     
   39.000000000000000        9.0000000000000000        7.0653103625118963     
   39.000000000000000        10.000000000000000        6.0320161097231582     
   39.000000000000000        11.000000000000000        5.1865185700031162     
   39.000000000000000        12.000000000000000        4.4957207364767493     
   39.000000000000000        13.000000000000000        3.9338268873075166     
   39.000000000000000        14.000000000000000        3.4803052551468081     
   39.000000000000000        15.000000000000000        3.1185572910618107     
   39.000000000000000        16.000000000000000        2.8350033752372510     
   39.000000000000000        17.000000000000000        2.6184281206018052     
   39.000000000000000        18.000000000000000        2.4594959956464346     
   39.000000000000000        19.000000000000000        2.3503838203533429     
   39.000000000000000        20.000000000000000        2.2844965303211868     
   39.000000000000000        21.000000000000000        2.2562440889419988     
   39.000000000000000        22.000000000000000        2.2608643807802182     
   39.000000000000000        23.000000000000000        2.2942813203042633     
   39.000000000000000        24.000000000000000        2.3529903151293250     
   39.000000000000000        25.000000000000000        2.4339652141594978     
   39.000000000000000        26.000000000000000        2.5345822806630607     
   39.000000000000000        27.000000000000000        2.6525577550691759     
   39.000000000000000        28.000000000000000        2.7858963331811122     
   39.000000000000000        29.000000000000000        2.9328484599776345     
   39.000000000000000        30.000000000000000        3.0918747785821834     
   40.000000000000000        1.0000000000000000        42.389021420283136     
   40.000000000000000        2.0000000000000000        31.130391915101935     
   40.000000000000000        3.0000000000000000        24.196895963166746     
   40.000000000000000        4.0000000000000000        19.477242698254091     
   40.000000000000000        5.0000000000000000        16.015989650711568     
   40.000000000000000        6.0000000000000000        13.348695819261376     
   40.000000000000000        7.0000000000000000        11.229311286106975     
   40.000000000000000        8.0000000000000000        9.5137070315280461     
   40.000000000000000        9.0000000000000000        8.1094404973125709     
   40.000000000000000        10.000000000000000        6.9527620725645640     
   40.000000000000000        11.000000000000000        5.9972452989418930     
   40.000000000000000        12.000000000000000        5.2077054882917047     
   40.000000000000000        13.000000000000000        4.5566977619696125     
   40.000000000000000        14.000000000000000        4.0223604058616944     
   40.000000000000000        15.000000000000000        3.5870055755417187     
   40.000000000000000        16.000000000000000        3.2361506670387059     
   40.000000000000000        17.000000000000000        2.9578244738330630     
   40.000000000000000        18.000000000000000        2.7420536799606956     
   40.000000000000000        19.000000000000000        2.5804731265850926     
   40.000000000000000        20.000000000000000        2.4660242800566947     
   40.000000000000000        21.000000000000000        2.3927184833786792     
   40.000000000000000        22.000000000000000        2.3554489328472634     
   40.000000000000000        23.000000000000000        2.3498399803938907     
   40.000000000000000        24.000000000000000        2.3721254373699190     
   40.000000000000000        25.000000000000000        2.4190496633776419     
   40.000000000000000        26.000000000000000        2.4877867159403064     
   40.000000000000000        27.000000000000000        2.5758739215717070     
   40.000000000000000        28.000000000000000        2.6811570343120210     
   40.000000000000000        29.000000000000000        2.8017447560004562     
   40.000000000000000        30.000000000000000        2.9359708578237034     
   41.000000000000000        1.0000000000000000        46.056372717989710     
   41.000000000000000        2.0000000000000000        34.095586521707155     
   41.000000000000000        3.0000000000000000        26.692253622081800     
   41.000000000000000        4.0000000000000000        21.626636552483738     
   41.000000000000000        5.0000000000000000        17.892582746619013     
   41.000000000000000        6.0000000000000000        15.000293880609885     
   41.000000000000000        7.0000000000000000        12.689941275779967     
   41.000000000000000        8.0000000000000000        10.809142154534118     
   41.000000000000000        9.0000000000000000        9.2600565036697180     
   41.000000000000000        10.000000000000000        7.9751494345859983     
   41.000000000000000        11.000000000000000        6.9051964365703382     
   41.000000000000000        12.000000000000000        6.0128631881882502     
   41.000000000000000        13.000000000000000        5.2690062675853584     
   41.000000000000000        14.000000000000000        4.6503938393228230     
   41.000000000000000        15.000000000000000        4.1382155788972490     
   41.000000000000000        16.000000000000000        3.7170581587431766     
   41.000000000000000        17.000000000000000        3.3741711406216943     
   41.000000000000000        18.000000000000000        3.0989235035210387     
   41.000000000000000        19.000000000000000        2.8823910405630215     
   41.000000000000000        20.000000000000000        2.7170370305982257     
   41.000000000000000        21.000000000000000        2.5964614319351336     
   41.000000000000000        22.000000000000000        2.5152016234645247     
   41.000000000000000        23.000000000000000        2.4685726422047058     
   41.000000000000000        24.000000000000000        2.4525381164971636     
   41.000000000000000        25.000000000000000        2.4636053218582021     
   41.000000000000000        26.000000000000000        2.4987393635438169     
   41.000000000000000        27.000000000000000        2.5552926363535522     
   41.000000000000000        28.000000000000000        2.6309465635586471     
   41.000000000000000        29.000000000000000        2.7236632597210315     
   41.000000000000000        30.000000000000000        2.8316452540282655     
   42.000000000000000        1.0000000000000000        49.911173095461336     
   42.000000000000000        2.0000000000000000        37.227708698151950     
   42.000000000000000        3.0000000000000000        29.340075458207568     
   42.000000000000000        4.0000000000000000        23.917373975482018     
   42.000000000000000        5.0000000000000000        19.901433097532490     
   42.000000000000000        6.0000000000000000        16.776426626780367     
   42.000000000000000        7.0000000000000000        14.268375049867780     
   42.000000000000000        8.0000000000000000        12.216414976086606     
   42.000000000000000        9.0000000000000000        10.517158381583348     
   42.000000000000000        10.000000000000000        9.0991781957874753     
   42.000000000000000        11.000000000000000        7.9103719828884627     
   42.000000000000000        12.000000000000000        6.9111938361663894     
   42.000000000000000        13.000000000000000        6.0707524041547645     
   42.000000000000000        14.000000000000000        5.3644055555301966     
   42.000000000000000        15.000000000000000        4.7721873011284135     
   42.000000000000000        16.000000000000000        4.2777258503506701     
   42.000000000000000        17.000000000000000        3.8674681209677035     
   42.000000000000000        18.000000000000000        3.5301054663274662     
   42.000000000000000        19.000000000000000        3.2561375622871309     
   42.000000000000000        20.000000000000000        3.0375347819457827     
   42.000000000000000        21.000000000000000        2.8674729346113619     
   42.000000000000000        22.000000000000000        2.7401224526320052     
   42.000000000000000        23.000000000000000        2.6504793057367095     
   42.000000000000000        24.000000000000000        2.5942283525110641     
   42.000000000000000        25.000000000000000        2.5676321896011771     
   42.000000000000000        26.000000000000000        2.5674402234735880     
   42.000000000000000        27.000000000000000        2.5908138994147110     
   42.000000000000000        28.000000000000000        2.6352649209209917     
   42.000000000000000        29.000000000000000        2.6986039711393608     
   42.000000000000000        30.000000000000000        2.7788979671958698     
   43.000000000000000        1.0000000000000000        53.953422552697965     
   43.000000000000000        2.0000000000000000        40.526758444436304     
   43.000000000000000        3.0000000000000000        32.140361471544018     
   43.000000000000000        4.0000000000000000        26.349454967248924     
   43.000000000000000        5.0000000000000000        22.042540703451952     
   43.000000000000000        6.0000000000000000        18.677094057772809     
   43.000000000000000        7.0000000000000000        15.964612608370400     
   43.000000000000000        8.0000000000000000        13.735525496185483     
   43.000000000000000        9.0000000000000000        11.880746131053439     
   43.000000000000000        10.000000000000000        10.324848356168980     
   43.000000000000000        11.000000000000000        9.0127719378962521     
   43.000000000000000        12.000000000000000        7.9026974322261214     
   43.000000000000000        13.000000000000000        6.9619361716778174     
   43.000000000000000        14.000000000000000        6.1643955544838098     
   43.000000000000000        15.000000000000000        5.4889207422352042     
   43.000000000000000        16.000000000000000        4.9181537418611772     
   43.000000000000000        17.000000000000000        4.4377154148710858     
   43.000000000000000        18.000000000000000        4.0355995683799755     
   43.000000000000000        19.000000000000000        3.7017126917574203     
   43.000000000000000        20.000000000000000        3.4275175340993633     
   43.000000000000000        21.000000000000000        3.2057529914073650     
   43.000000000000000        22.000000000000000        3.0302114203497017     
   43.000000000000000        23.000000000000000        2.8955599709899000     
   43.000000000000000        24.000000000000000        2.7971961454116157     
   43.000000000000000        25.000000000000000        2.7311302666065660     
   43.000000000000000        26.000000000000000        2.6938892957296225     
   43.000000000000000        27.000000000000000        2.6824377107551851     
   43.000000000000000        28.000000000000000        2.6941121063990523     
   43.000000000000000        29.000000000000000        2.7265668902554432     
   43.000000000000000        30.000000000000000        2.7777289973265153     
   44.000000000000000        1.0000000000000000        58.183121089699640     
   44.000000000000000        2.0000000000000000        43.992735760560244     
   44.000000000000000        3.0000000000000000        35.093111662091175     
   44.000000000000000        4.0000000000000000        28.922879527784445     
   44.000000000000000        5.0000000000000000        24.315905564377420     
   44.000000000000000        6.0000000000000000        20.702296173587236     
   44.000000000000000        7.0000000000000000        17.778653951287847     
   44.000000000000000        8.0000000000000000        15.366473714830773     
   44.000000000000000        9.0000000000000000        13.350819752080016     
   44.000000000000000        10.000000000000000        11.652159915730522     
   44.000000000000000        11.000000000000000        10.212396301593719     
   44.000000000000000        12.000000000000000        8.9873739763674436     
   44.000000000000000        13.000000000000000        7.9425575701545270     
   44.000000000000000        14.000000000000000        7.0503638361836662     
   44.000000000000000        15.000000000000000        6.2884159022176220     
   44.000000000000000        16.000000000000000        5.6383418332747102     
   44.000000000000000        17.000000000000000        5.0849130223318451     
   44.000000000000000        18.000000000000000        4.6154058096785704     
   44.000000000000000        19.000000000000000        4.2191164289738907     
   44.000000000000000        20.000000000000000        3.8869852870589692     
   44.000000000000000        21.000000000000000        3.6113016023231426     
   44.000000000000000        22.000000000000000        3.3854685266176183     
   44.000000000000000        23.000000000000000        3.2038146379642796     
   44.000000000000000        24.000000000000000        3.0614414951988218     
   44.000000000000000        25.000000000000000        2.9540995528743701     
   44.000000000000000        26.000000000000000        2.8780865803119200     
   44.000000000000000        27.000000000000000        2.8301640703749724     
   44.000000000000000        28.000000000000000        2.8074881199928319     
   44.000000000000000        29.000000000000000        2.8075520170692809     
   44.000000000000000        30.000000000000000        2.8281383444202017     
   45.000000000000000        1.0000000000000000        62.600268706466331     
   45.000000000000000        2.0000000000000000        47.625640646523742     
   45.000000000000000        3.0000000000000000        38.198326029849049     
   45.000000000000000        4.0000000000000000        31.637647657088593     
   45.000000000000000        5.0000000000000000        26.721527680308895     
   45.000000000000000        6.0000000000000000        22.852032974223626     
   45.000000000000000        7.0000000000000000        19.710499078620106     
   45.000000000000000        8.0000000000000000        17.109259632022468     
   45.000000000000000        9.0000000000000000        14.927379244663065     
   45.000000000000000        10.000000000000000        13.081112874472106     
   45.000000000000000        11.000000000000000        11.509245073980860     
   45.000000000000000        12.000000000000000        10.165223468590362     
   45.000000000000000        13.000000000000000        9.0126165995848950     
   45.000000000000000        14.000000000000000        8.0223104006297703     
   45.000000000000000        15.000000000000000        7.1706727810756732     
   45.000000000000000        16.000000000000000        6.4382901245912594     
   45.000000000000000        17.000000000000000        5.8090609433499791     
   45.000000000000000        18.000000000000000        5.2695241902232484     
   45.000000000000000        19.000000000000000        4.8083487739365403     
   45.000000000000000        20.000000000000000        4.4159380408246003     
   45.000000000000000        21.000000000000000        4.0841187673586958     
   45.000000000000000        22.000000000000000        3.8058937714357541     
   45.000000000000000        23.000000000000000        3.5752433066598486     
   45.000000000000000        24.000000000000000        3.3869644018726803     
   45.000000000000000        25.000000000000000        3.2365400484045916     
   45.000000000000000        26.000000000000000        3.1200320772204817     
   45.000000000000000        27.000000000000000        3.0339929782740733     
   45.000000000000000        28.000000000000000        2.9753929617023296     
   45.000000000000000        29.000000000000000        2.9415593515808705     
   45.000000000000000        30.000000000000000        2.9301260084769312     
   46.000000000000000        1.0000000000000000        67.204865402998010     
   46.000000000000000        2.0000000000000000        51.425473102326784     
   46.000000000000000        3.0000000000000000        41.456004574817577     
   46.000000000000000        4.0000000000000000        34.493759355161330     
   46.000000000000000        5.0000000000000000        29.259407051246363     
   46.000000000000000        6.0000000000000000        25.126304459681975     
   46.000000000000000        7.0000000000000000        21.760147990367170     
   46.000000000000000        8.0000000000000000        18.963883247760556     
   46.000000000000000        9.0000000000000000        16.610424608802582     
   46.000000000000000        10.000000000000000        14.611707232393716     
   46.000000000000000        11.000000000000000        12.903318255057666     
   46.000000000000000        12.000000000000000        11.436245908894868     
   46.000000000000000        13.000000000000000        10.172113259968905     
   46.000000000000000        14.000000000000000        9.0802352478221060     
   46.000000000000000        15.000000000000000        8.1356913788093443     
   46.000000000000000        16.000000000000000        7.3179986158108248     
   46.000000000000000        17.000000000000000        6.6101591779254880     
   46.000000000000000        18.000000000000000        5.9979547100140076     
   46.000000000000000        19.000000000000000        5.4694097266453676     
   46.000000000000000        20.000000000000000        5.0143757953962531     
   46.000000000000000        21.000000000000000        4.6242044865140208     
   46.000000000000000        22.000000000000000        4.2914871548041029     
   46.000000000000000        23.000000000000000        4.0098459770766013     
   46.000000000000000        24.000000000000000        3.7737648654331903     
   46.000000000000000        25.000000000000000        3.5784517531972253     
   46.000000000000000        26.000000000000000        3.4197257864553032     
   46.000000000000000        27.000000000000000        3.2939244344524887     
   46.000000000000000        28.000000000000000        3.1978266315275441     
   46.000000000000000        29.000000000000000        3.1285888937902131     
   46.000000000000000        30.000000000000000        3.0836919894967005     
   47.000000000000000        1.0000000000000000        71.996911179294742     
   47.000000000000000        2.0000000000000000        55.392233127969405     
   47.000000000000000        3.0000000000000000        44.866147296996836     
   47.000000000000000        4.0000000000000000        37.491214622002722     
   47.000000000000000        5.0000000000000000        31.929543677189852     
   47.000000000000000        6.0000000000000000        27.525110629962306     
   47.000000000000000        7.0000000000000000        23.927600686529065     
   47.000000000000000        8.0000000000000000        20.930344562045054     
   47.000000000000000        9.0000000000000000        18.399955844498578     
   47.000000000000000        10.000000000000000        16.243942989495366     
   47.000000000000000        11.000000000000000        14.394615844824150     
   47.000000000000000        12.000000000000000        12.800441297280971     
   47.000000000000000        13.000000000000000        11.421047551306577     
   47.000000000000000        14.000000000000000        10.224138377760696     
   47.000000000000000        15.000000000000000        9.1834716954186479     
   47.000000000000000        16.000000000000000        8.2774673069334153     
   47.000000000000000        17.000000000000000        7.4882077260583717     
   47.000000000000000        18.000000000000000        6.8006973690508516     
   47.000000000000000        19.000000000000000        6.2022992871003799     
   47.000000000000000        20.000000000000000        5.6822985507739334     
   47.000000000000000        21.000000000000000        5.2315587597891211     
   47.000000000000000        22.000000000000000        4.8422486767226740     
   47.000000000000000        23.000000000000000        4.5076226492145466     
   47.000000000000000        24.000000000000000        4.2218428858803545     
   47.000000000000000        25.000000000000000        3.9798346672522746     
   47.000000000000000        26.000000000000000        3.7771677080163895     
   47.000000000000000        27.000000000000000        3.6099584389102186     
   47.000000000000000        28.000000000000000        3.4747891294684763     
   47.000000000000000        29.000000000000000        3.3686406436973120     
   47.000000000000000        30.000000000000000        3.2888362874795138     
   48.000000000000000        1.0000000000000000        76.976406035356490     
   48.000000000000000        2.0000000000000000        59.525920723451605     
   48.000000000000000        3.0000000000000000        48.428754196386784     
   48.000000000000000        4.0000000000000000        40.630013457612733     
   48.000000000000000        5.0000000000000000        34.731937558139343     
   48.000000000000000        6.0000000000000000        30.048451485064607     
   48.000000000000000        7.0000000000000000        26.212857167105771     
   48.000000000000000        8.0000000000000000        23.008643574875954     
   48.000000000000000        9.0000000000000000        20.295972951751047     
   48.000000000000000        10.000000000000000        17.977820145777049     
   48.000000000000000        11.000000000000000        15.983137843280309     
   48.000000000000000        12.000000000000000        14.257809633748668     
   48.000000000000000        13.000000000000000        12.759419473597907     
   48.000000000000000        14.000000000000000        11.454019790445528     
   48.000000000000000        15.000000000000000        10.314013730903588     
   48.000000000000000        16.000000000000000        9.3166961979590219     
   48.000000000000000        17.000000000000000        8.4432065877486355     
   48.000000000000000        18.000000000000000        7.6777521673337850     
   48.000000000000000        19.000000000000000        7.0070174553015674     
   48.000000000000000        20.000000000000000        6.4197063069576368     
   48.000000000000000        21.000000000000000        5.9061815871839967     
   48.000000000000000        22.000000000000000        5.4581783371914625     
   48.000000000000000        23.000000000000000        5.0685733230736796     
   48.000000000000000        24.000000000000000        4.7311984632141728     
   48.000000000000000        25.000000000000000        4.4406887905697401     
   48.000000000000000        26.000000000000000        4.1923578419037417     
   48.000000000000000        27.000000000000000        3.9820949916472639     
   48.000000000000000        28.000000000000000        3.8062804555251293     
   48.000000000000000        29.000000000000000        3.6617146013021631     
   48.000000000000000        30.000000000000000        3.5455589024253689     
   49.000000000000000        1.0000000000000000        82.143349971183227     
   49.000000000000000        2.0000000000000000        63.826535888773357     
   49.000000000000000        3.0000000000000000        52.143825272987407     
   49.000000000000000        4.0000000000000000        43.910155861991335     
   49.000000000000000        5.0000000000000000        37.666588694094820     
   49.000000000000000        6.0000000000000000        32.696327024988861     
   49.000000000000000        7.0000000000000000        28.615917432097273     
   49.000000000000000        8.0000000000000000        25.198780286253257     
   49.000000000000000        9.0000000000000000        22.298475930559988     
   49.000000000000000        10.000000000000000        19.813338701238763     
   49.000000000000000        11.000000000000000        17.668884250426135     
   49.000000000000000        12.000000000000000        15.808350918297942     
   49.000000000000000        13.000000000000000        14.187229026842877     
   49.000000000000000        14.000000000000000        12.769879485876592     
   49.000000000000000        15.000000000000000        11.527317485264140     
   49.000000000000000        16.000000000000000        10.435685288887646     
   49.000000000000000        17.000000000000000        9.4751557629962662     
   49.000000000000000        18.000000000000000        8.6291191048627933     
   49.000000000000000        19.000000000000000        7.8835642312489345     
   49.000000000000000        20.000000000000000        7.2265990639473632     
   49.000000000000000        21.000000000000000        6.6480729686986448     
   49.000000000000000        22.000000000000000        6.1392761362104684     
   49.000000000000000        23.000000000000000        5.6926979986539950     
   49.000000000000000        24.000000000000000        5.3018315974346422     
   49.000000000000000        25.000000000000000        4.9610141231496199     
   49.000000000000000        26.000000000000000        4.6652961881173498     
   49.000000000000000        27.000000000000000        4.4103340926636196     
   49.000000000000000        28.000000000000000        4.1923006096974946     
   49.000000000000000        29.000000000000000        4.0078107666047682     
   49.000000000000000        30.000000000000000        3.8538598343342629     
   50.000000000000000        1.0000000000000000        87.497742986775023     
   50.000000000000000        2.0000000000000000        68.294078623934666     
   50.000000000000000        3.0000000000000000        56.011360526798761     
   50.000000000000000        4.0000000000000000        47.331641835138569     
   50.000000000000000        5.0000000000000000        40.733497085056314     
   50.000000000000000        6.0000000000000000        35.468737249735099     
   50.000000000000000        7.0000000000000000        31.136781481503618     
   50.000000000000000        8.0000000000000000        27.500754696176966     
   50.000000000000000        9.0000000000000000        24.407464780925412     
   50.000000000000000        10.000000000000000        21.750498655880516     
   50.000000000000000        11.000000000000000        19.451855066261640     
   50.000000000000000        12.000000000000000        17.452065150928828     
   50.000000000000000        13.000000000000000        15.704476211041515     
   50.000000000000000        14.000000000000000        14.171717464053909     
   50.000000000000000        15.000000000000000        12.823382958500334     
   50.000000000000000        16.000000000000000        11.634434579719294     
   50.000000000000000        17.000000000000000        10.584055251801280     
   50.000000000000000        18.000000000000000        9.6547981816378936     
   50.000000000000000        19.000000000000000        8.8319396149424865     
   50.000000000000000        20.000000000000000        8.1029768217431162     
   50.000000000000000        21.000000000000000        7.4572329043330710     
   50.000000000000000        22.000000000000000        6.8855420737796944     
   50.000000000000000        23.000000000000000        6.3799966759555051     
   50.000000000000000        24.000000000000000        5.9337422885417670     
   50.000000000000000        25.000000000000000        5.5408106649919127     
   50.000000000000000        26.000000000000000        5.1959827466572257     
   50.000000000000000        27.000000000000000        4.8946757419592926     
   50.000000000000000        28.000000000000000        4.6328495919855808     
   50.000000000000000        29.000000000000000        4.4069291396051291     
   50.000000000000000        30.000000000000000        4.2137390832062014     
