-3.561012106 -92.60814 15.0918
-3.592941176 -90.65163 15.4416
-1.42072184 -92.60814 15.1681
-1.661513002 -71.08653 14.3386
-1.773867193 -69.13002 16.4146
-1.511861585 -47.60841 10.1976
-1.95124564 -60.65181 14.0536
-2.901815856 -70.43436 14.4541
-1.622786425 -2.282595 0.82942
-1.672086072 -27.39114 8.70825
-1.550890689 0.65217 0.18103
-1.799743676 7.499955 -6.89121
-1.632284566 19.5651 -11.9668
-1.62481939 -17.60859 4.82287
-1.223772558 12.39123 -8.5554
-1.190422007 33.91284 -15.2699
-1.351439143 65.86917 -15.6106
-6.776253439 122.60796 -15.6614
-1.524006894 3.26085 -5.95536
-1.179208687 2.60868 -2.39876
-1.62421975 6.5217 -5.81965
-1.23548631 -13.0434 5.08107
