  -150.00000000000000        21.858351482285897     
  -149.00000000000000        21.837815372565164     
  -148.00000000000000        21.817012630142649     
  -147.00000000000000        21.795938100793677     
  -146.00000000000000        21.774586498542348     
  -145.00000000000000        21.752952401491399     
  -144.00000000000000        21.731030247495479     
  -143.00000000000000        21.708814329670975     
  -142.00000000000000        21.686298791735332     
  -141.00000000000000        21.663477623168411     
  -140.00000000000000        21.640344654188077     
  -139.00000000000000        21.616893550531763     
  -138.00000000000000        21.593117808035533     
  -137.00000000000000        21.569010747001432     
  -136.00000000000000        21.544565506343805     
  -135.00000000000000        21.519775037504505     
  -134.00000000000000        21.494632098126601     
  -133.00000000000000        21.469129245475525     
  -132.00000000000000        21.443258829596196     
  -131.00000000000000        21.417012986193861     
  -130.00000000000000        21.390383629225987     
  -129.00000000000000        21.363362443191711     
  -128.00000000000000        21.335940875104789     
  -127.00000000000000        21.308110126135070     
  -126.00000000000000        21.279861142903055     
  -125.00000000000000        21.251184608410856     
  -124.00000000000000        21.222070932592423     
  -123.00000000000000        21.192510242464731     
  -122.00000000000000        21.162492371860662     
  -121.00000000000000        21.132006850723496     
  -120.00000000000000        21.101042893941521     
  -119.00000000000000        21.069589389700486     
  -118.00000000000000        21.037634887330057     
  -117.00000000000000        21.005167584619461     
  -116.00000000000000        20.972175314575896     
  -115.00000000000000        20.938645531598088     
  -114.00000000000000        20.904565297035603     
  -113.00000000000000        20.869921264103141     
  -112.00000000000000        20.834699662117224     
  -111.00000000000000        20.798886280020884     
  -110.00000000000000        20.762466449160133     
  -109.00000000000000        20.725425025273900     
  -108.00000000000000        20.687746369657052     
  -107.00000000000000        20.649414329453798     
  -106.00000000000000        20.610412217036497     
  -105.00000000000000        20.570722788422252     
  -104.00000000000000        20.530328220677077     
  -103.00000000000000        20.489210088254598     
  -102.00000000000000        20.447349338213229     
  -101.00000000000000        20.404726264252723     
  -100.00000000000000        20.361320479507523     
  -99.000000000000000        20.317110888030918     
  -98.000000000000000        20.272075654900366     
  -97.000000000000000        20.226192174870270     
  -96.000000000000000        20.179437039494527     
  -95.000000000000000        20.131786002636776     
  -94.000000000000000        20.083213944281660     
  -93.000000000000000        20.033694832555724     
  -92.000000000000000        19.983201683861424     
  -91.000000000000000        19.931706521022445     
  -90.000000000000000        19.879180329333074     
  -89.000000000000000        19.825593010398432     
  -88.000000000000000        19.770913333646416     
  -87.000000000000000        19.715108885385813     
  -86.000000000000000        19.658146015278561     
  -85.000000000000000        19.599989780087210     
  -84.000000000000000        19.540603884551683     
  -83.000000000000000        19.479950619242128     
  -82.000000000000000        19.417990795227173     
  -81.000000000000000        19.354683675389378     
  -80.000000000000000        19.289986902211805     
  -79.000000000000000        19.223856421852002     
  -78.000000000000000        19.156246404311709     
  -77.000000000000000        19.087109159503051     
  -76.000000000000000        19.016395049004366     
  -75.000000000000000        18.944052393291546     
  -74.000000000000000        18.870027374224144     
  -73.000000000000000        18.794263932559140     
  -72.000000000000000        18.716703660260151     
  -71.000000000000000        18.637285687365502     
  -70.000000000000000        18.555946563175915     
  -69.000000000000000        18.472620131521378     
  -68.000000000000000        18.387237399868027     
  -67.000000000000000        18.299726402029670     
  -66.000000000000000        18.210012054255657     
  -65.000000000000000        18.118016004478072     
  -64.000000000000000        18.023656474517018     
  -63.000000000000000        17.926848095064557     
  -62.000000000000000        17.827501733296437     
  -61.000000000000000        17.725524312997667     
  -60.000000000000000        17.620818627134391     
  -59.000000000000000        17.513283142862683     
  -58.000000000000000        17.402811799036563     
  -57.000000000000000        17.289293796364895     
  -56.000000000000000        17.172613380473173     
  -55.000000000000000        17.052649618254236     
  -54.000000000000000        16.929276168045210     
  -53.000000000000000        16.802361044351059     
  -52.000000000000000        16.671766378052130     
  -51.000000000000000        16.537348173289729     
  -50.000000000000000        16.398956062525940     
  -49.000000000000000        16.256433061627988     
  -48.000000000000000        16.109615327241475     
  -47.000000000000000        15.958331919198571     
  -46.000000000000000        15.802404571265802     
  -45.000000000000000        15.641647474181564     
  -44.000000000000000        15.475867075675609     
  -43.000000000000000        15.304861903013220     
  -42.000000000000000        15.128422414575963     
  -41.000000000000000        14.946330888090261     
  -40.000000000000000        14.758361354354507     
  -39.000000000000000        14.564279586704362     
  -38.000000000000000        14.363843157999908     
  -37.000000000000000        14.156801578621417     
  -36.000000000000000        13.942896530818780     
  -35.000000000000000        13.721862216764269     
  -34.000000000000000        13.493425839788260     
  -33.000000000000000        13.257308240500196     
  -32.000000000000000        13.013224711761421     
  -31.000000000000000        12.760886018711435     
  -30.000000000000000        12.499999652155820     
  -29.000000000000000        12.230271345473037     
  -28.000000000000000        11.951406886621257     
  -27.000000000000000        11.663114257615574     
  -26.000000000000000        11.365106133744089     
  -25.000000000000000        11.057102773492861     
  -24.000000000000000        10.738835327300819     
  -23.000000000000000        10.410049588469917     
  -22.000000000000000        10.070510202386076     
  -21.000000000000000        9.7200053402269493     
  -20.000000000000000        9.3583518301300757     
  -19.000000000000000        8.9854007220256769     
  -18.000000000000000        8.6010432417857015     
  -17.000000000000000        8.2052170659907269     
  -16.000000000000000        7.7979128207402395     
  -15.000000000000000        7.3791806771772546     
  -14.000000000000000        6.9491368838726553     
  -13.000000000000000        6.5079700435507357     
  -12.000000000000000        6.0559469110200945     
  -11.000000000000000        5.5934174633067935     
  -10.000000000000000        5.1208189749785662     
  -9.0000000000000000        4.6386788248041189     
  -8.0000000000000000        4.1476157673980634     
  -7.0000000000000000        3.6483394280302406     
  -6.0000000000000000        3.1416478220257442     
  -5.0000000000000000        2.6284227624201444     
  -4.0000000000000000        2.1096230992364569     
  -3.0000000000000000        1.5862758273855324     
  -2.0000000000000000        1.0594652022650155     
  -1.0000000000000000       0.53032010551926978     
   0.0000000000000000       -0.0000000000000000     
   1.0000000000000000      -0.53032010551926978     
   2.0000000000000000       -1.0594652022650155     
   3.0000000000000000       -1.5862758273855324     
   4.0000000000000000       -2.1096230992364569     
   5.0000000000000000       -2.6284227624201444     
   6.0000000000000000       -3.1416478220257442     
   7.0000000000000000       -3.6483394280302406     
   8.0000000000000000       -4.1476157673980634     
   9.0000000000000000       -4.6386788248041189     
   10.000000000000000       -5.1208189749785662     
   11.000000000000000       -5.5934174633067935     
   12.000000000000000       -6.0559469110200945     
   13.000000000000000       -6.5079700435507357     
   14.000000000000000       -6.9491368838726553     
   15.000000000000000       -7.3791806771772546     
   16.000000000000000       -7.7979128207402395     
   17.000000000000000       -8.2052170659907269     
   18.000000000000000       -8.6010432417857015     
   19.000000000000000       -8.9854007220256769     
   20.000000000000000       -9.3583518301300757     
   21.000000000000000       -9.7200053402269493     
   22.000000000000000       -10.070510202386076     
   23.000000000000000       -10.410049588469917     
   24.000000000000000       -10.738835327300819     
   25.000000000000000       -11.057102773492861     
   26.000000000000000       -11.365106133744089     
   27.000000000000000       -11.663114257615574     
   28.000000000000000       -11.951406886621257     
   29.000000000000000       -12.230271345473037     
   30.000000000000000       -12.499999652155820     
   31.000000000000000       -12.760886018711435     
   32.000000000000000       -13.013224711761421     
   33.000000000000000       -13.257308240500196     
   34.000000000000000       -13.493425839788260     
   35.000000000000000       -13.721862216764269     
   36.000000000000000       -13.942896530818780     
   37.000000000000000       -14.156801578621417     
   38.000000000000000       -14.363843157999908     
   39.000000000000000       -14.564279586704362     
   40.000000000000000       -14.758361354354507     
   41.000000000000000       -14.946330888090261     
   42.000000000000000       -15.128422414575963     
   43.000000000000000       -15.304861903013220     
   44.000000000000000       -15.475867075675609     
   45.000000000000000       -15.641647474181564     
   46.000000000000000       -15.802404571265802     
   47.000000000000000       -15.958331919198571     
   48.000000000000000       -16.109615327241475     
   49.000000000000000       -16.256433061627988     
   50.000000000000000       -16.398956062525940     
   51.000000000000000       -16.537348173289729     
   52.000000000000000       -16.671766378052130     
   53.000000000000000       -16.802361044351059     
   54.000000000000000       -16.929276168045210     
   55.000000000000000       -17.052649618254236     
   56.000000000000000       -17.172613380473173     
   57.000000000000000       -17.289293796364895     
   58.000000000000000       -17.402811799036563     
   59.000000000000000       -17.513283142862683     
   60.000000000000000       -17.620818627134391     
   61.000000000000000       -17.725524312997667     
   62.000000000000000       -17.827501733296437     
   63.000000000000000       -17.926848095064557     
   64.000000000000000       -18.023656474517018     
   65.000000000000000       -18.118016004478072     
   66.000000000000000       -18.210012054255657     
   67.000000000000000       -18.299726402029670     
   68.000000000000000       -18.387237399868027     
   69.000000000000000       -18.472620131521378     
   70.000000000000000       -18.555946563175915     
   71.000000000000000       -18.637285687365502     
   72.000000000000000       -18.716703660260151     
   73.000000000000000       -18.794263932559140     
   74.000000000000000       -18.870027374224144     
   75.000000000000000       -18.944052393291546     
   76.000000000000000       -19.016395049004366     
   77.000000000000000       -19.087109159503051     
   78.000000000000000       -19.156246404311709     
   79.000000000000000       -19.223856421852002     
   80.000000000000000       -19.289986902211805     
   81.000000000000000       -19.354683675389378     
   82.000000000000000       -19.417990795227173     
   83.000000000000000       -19.479950619242128     
   84.000000000000000       -19.540603884551683     
   85.000000000000000       -19.599989780087210     
   86.000000000000000       -19.658146015278561     
   87.000000000000000       -19.715108885385813     
   88.000000000000000       -19.770913333646416     
   89.000000000000000       -19.825593010398432     
   90.000000000000000       -19.879180329333074     
   91.000000000000000       -19.931706521022445     
   92.000000000000000       -19.983201683861424     
   93.000000000000000       -20.033694832555724     
   94.000000000000000       -20.083213944281660     
   95.000000000000000       -20.131786002636776     
   96.000000000000000       -20.179437039494527     
   97.000000000000000       -20.226192174870270     
   98.000000000000000       -20.272075654900366     
   99.000000000000000       -20.317110888030918     
   100.00000000000000       -20.361320479507523     
   101.00000000000000       -20.404726264252723     
   102.00000000000000       -20.447349338213229     
   103.00000000000000       -20.489210088254598     
   104.00000000000000       -20.530328220677077     
   105.00000000000000       -20.570722788422252     
   106.00000000000000       -20.610412217036497     
   107.00000000000000       -20.649414329453798     
   108.00000000000000       -20.687746369657052     
   109.00000000000000       -20.725425025273900     
   110.00000000000000       -20.762466449160133     
   111.00000000000000       -20.798886280020884     
   112.00000000000000       -20.834699662117224     
   113.00000000000000       -20.869921264103141     
   114.00000000000000       -20.904565297035603     
   115.00000000000000       -20.938645531598088     
   116.00000000000000       -20.972175314575896     
   117.00000000000000       -21.005167584619461     
   118.00000000000000       -21.037634887330057     
   119.00000000000000       -21.069589389700486     
   120.00000000000000       -21.101042893941521     
   121.00000000000000       -21.132006850723496     
   122.00000000000000       -21.162492371860662     
   123.00000000000000       -21.192510242464731     
   124.00000000000000       -21.222070932592423     
   125.00000000000000       -21.251184608410856     
   126.00000000000000       -21.279861142903055     
   127.00000000000000       -21.308110126135070     
   128.00000000000000       -21.335940875104789     
   129.00000000000000       -21.363362443191711     
   130.00000000000000       -21.390383629225987     
   131.00000000000000       -21.417012986193861     
   132.00000000000000       -21.443258829596196     
   133.00000000000000       -21.469129245475525     
   134.00000000000000       -21.494632098126601     
   135.00000000000000       -21.519775037504505     
   136.00000000000000       -21.544565506343805     
   137.00000000000000       -21.569010747001432     
   138.00000000000000       -21.593117808035533     
   139.00000000000000       -21.616893550531763     
   140.00000000000000       -21.640344654188077     
   141.00000000000000       -21.663477623168411     
   142.00000000000000       -21.686298791735332     
   143.00000000000000       -21.708814329670975     
   144.00000000000000       -21.731030247495479     
   145.00000000000000       -21.752952401491399     
   146.00000000000000       -21.774586498542348     
   147.00000000000000       -21.795938100793677     
   148.00000000000000       -21.817012630142649     
   149.00000000000000       -21.837815372565164     
   150.00000000000000       -21.858351482285897     
